-3251.259299756002
-3261.3754271117186
-3265.2417982934517
-3259.076546919605
-3259.6195970261233
-3256.8097830247343
-3275.8958077379352
-3259.264756686824
-3252.535628852672
-3256.76766430451
-3257.3745048362916
-3259.5293727655035
-3254.1314843463856
-3267.3436938896116
-3266.361152585125
-3260.483646656109
-3249.174710040955
-3253.534000322458
-3260.6082351798773
-3245.516518680031
-3254.6841687657793
-3256.5952533906993
-3250.7960185617467
-3251.2550014056524
-3265.0390954026802
-3245.8618152228933
-3262.525325991786
-3253.743028774764
-3253.184236253427
-3250.836906219532
-3260.814130154734
-3261.5609581248364
-3267.829164245717
-3250.646474104088
-3258.6683939914874
-3254.583834998196
-3257.300809803174
-3258.3756866486697
-3266.6374291304464
-3252.962810489156
-3264.264283268159
-3261.754010253527
-3261.0288573859157
-3256.129910742978
-3258.694204325227
-3263.643985985493
-3265.7887513906794
-3259.5428461780416
-3260.4490289862824
-3250.8807221474863
-3263.860722617446
-3255.89597917649
-3271.217040797238
-3260.00241938189
-3253.6752310962343
-3265.558681461158
-3266.7143889258477
-3262.9934752164286
-3265.613064229157
-3263.13981311734
-3257.1777415976235
-3256.54394000262
-3256.013651381823
-3260.6173659303363
-3266.984799739566
-3253.0101846387183
-3261.591781446212
-3260.2448467069953
-3253.619760018097
-3266.1709533218923
-3252.7511638940705
-3257.985149748177
-3263.0219310383723
-3263.9061071424408
-3244.1385000142054
-3255.9018960591143
-3260.4267171313622
-3249.4629307222403
-3262.0252574880233
-3256.460129516725
-3252.770128347123
-3257.2506297612276
-3257.074214833416
-3262.6998304638605
-3262.061799678887
-3258.5054329383092
-3252.9604141614423
-3258.9565575151
-3246.2752456162607
-3255.1707934501655
-3254.070131448426
-3262.013077401677
-3260.2657323076055
-3256.8542786200574
-3255.1694138322846
-3261.4980201371577
-3261.4043655981136
-3257.603849765328
-3250.124864945703
-3260.803077592731
-3256.214797400337
-3258.9958529616865
-3252.3486181673215
-3256.8101968560622
-3263.153472032494
-3256.3460589838264
-3255.590712103323
-3260.0540766286113
-3266.080158396706
-3243.760736708719
-3261.5430316572892
-3252.713121928069
-3258.792017762441
-3250.997356667605
-3252.4817246839843
-3262.743803760882
-3256.874163848466
-3260.9943554175775
-3257.798911449921
-3262.4573332577884
-3262.9408040576004
-3256.4764288192273
-3262.137278561552
-3253.9979007915176
-3262.92834476188
-3260.4744100268344
-3257.350657030449
-3251.1795320729366
-3261.742234065712
-3250.961647473356
-3265.1766340527884
-3246.546142286333
-3260.6233992137736
-3252.7426904395506
-3257.61186136383
-3259.6333214716815
-3265.9161380556393
-3258.981536593357
-3262.3798414988914
-3256.5662537015055
-3269.2838123023553
-3263.0517180940865
-3257.177587795056
-3259.409132131122
-3261.158881971106
-3257.819704989914
-3263.868936600562
-3257.061037926272
-3263.1178583405544
-3261.539112093756
-3260.5552183672653
-3247.3362878973135
-3267.6799302688055
-3262.996000747773
-3268.2293603372127
-3256.7792745384263
-3256.1010736199023
-3257.0844307359207
-3253.049722653938
-3264.010860006178
-3252.127975987345
-3268.0648194132195
-3269.4574184574267
-3262.891482523257
-3258.968613023032
-3256.528792728059
-3260.197064768367
-3262.30336631716
-3261.05710715969
-3261.229417722886
-3258.8736192965093
-3263.740492393665
-3262.0337548161933
-3265.4945233581434
-3256.5218944310623
-3258.0995621255224
-3254.417562435903
-3260.2658369240335
-3264.822034761562
-3251.575420456534
-3257.7177876049545
-3259.300899261831
-3261.681261058276
-3257.3480239132405
-3256.180552354387
-3253.070959181708
-3262.796196773523
-3254.693229946996
-3256.7246698787426
-3266.5922291986803
-3261.635258118416
-3257.8893328901845
-3268.338719152547
-3247.94346812354
-3259.811629756244
-3259.8653428758753
-3256.431558585828
-3254.1893489217377
-3262.0837626021994
-3259.0636146703755
-3256.682793225443
-3256.111620437107
-3259.5931674782464
-3256.426452640807
-3259.0450047155746
-3256.8626955470795
-3258.400368806285
-3257.512464180438
-3255.0532050742236
-3258.072895836618
-3260.9830813253507
-3259.9386368051105
-3260.3120454894747
-3258.283907462912
-3256.5787424623795
-3259.733583587115
-3258.515862049228
-3257.6873283336763
-3256.125477814951
-3257.2563565092764
-3257.6198592451383
-3258.8464061858704
-3256.09992109103
-3260.885980126822
-3258.6558960714265
-3259.564206558702
-3259.619213329549
-3257.203223273904
-3256.1683823799576
-3261.5127046766875
-3258.19166458623
-3257.9415647499018
-3260.7141146320664
-3258.4424543976365
-3254.7251001617074
-3258.2924088262503
-3257.8069588509784
-3261.468542816792
-3258.5704969591657
-3255.6448978874905
-3257.624006254428
-3254.9972002334316
-3259.2036447243763
-3259.054977409733
-3258.740724934295
-3259.114176400149
-3257.292499830505
-3257.9035463951295
-3254.851955972238
-3259.598041857209
-3260.6141099671263
-3258.386873667639
-3260.631066095908
-3255.8557884222787
-3261.3583632875198
-3257.414260707234
-3256.5268715706693
-3260.4189373262057
-3256.342325191316
-3260.579888886297
-3260.813435358831
-3256.318651851583
-3259.0130718106675
-3259.38898846613
-3258.0148000042723
-3256.294043607284
-3261.274379769619
-3260.166459865351
-3256.6679162868227
-3256.6120544567775
-3253.71963044506
-3261.5442714109663
-3260.9276448979613
-3261.8418241853847
-3258.6355753344797
-3259.4961374644304
-3259.3696842322993
-3258.457405183681
-3260.1012496487524
-3260.6240007609067
-3259.7450476997133
-3259.4666907814103
-3259.180338046258
-3258.0813986541966
-3257.236880987877
-3256.0130492745134
-3259.306326527302
-3258.2345462640365
-3258.1270998051696
-3263.464222296726
-3261.102144893369
-3257.6176368595015
-3256.1505343521853
-3257.7488955490476
-3256.206759153368
-3257.999466415461
-3254.769036602428
-3263.906457062676
-3259.6899003139238
-3258.8442317761583
-3255.578833280644
-3258.133916277626
-3254.3056667614437
-3257.952152249556
-3259.459699676348
-3258.059580145984
-3255.973231632598
-3260.032006183191
-3255.313868630397
-3258.9872805458826
-3253.717004050113
-3260.5816063961474
-3258.2660651782094
-3258.45493739102
-3259.2231080512665
-3259.0722911244097
-3259.740278767445
-3257.9432084621653
-3256.1297418897043
-3259.2163006527344
-3259.4075643254614
-3260.9146879785358
-3259.698407197758
-3263.571794421636
-3259.372308047526
-3254.664630393806
-3265.0074185792673
-3264.9389624358187
-3256.8085567130584
-3256.9145954445285
-3256.564156030782
-3255.118169993195
-3260.229061276915
-3255.3398027990625
-3259.3618152432778
-3262.2952455220598
-3257.514767029604
-3261.598609720031
-3261.9985350497923
-3258.529484273208
-3255.2188949556817
-3260.1720364049725
-3256.8958336277137
-3259.593196699062
-3258.6907399356487
-3261.805375633299
-3259.503726177769
-3254.917123352755
-3259.664187497134
-3257.569260204581
-3259.9774288827366
-3256.6803956130857
-3259.6207428440553
-3260.112789049938
-3259.752347109664
-3259.113880720097
-3260.6184545702217
-3258.3400993117107
-3255.258094087967
-3261.9087878296286
-3259.204746877583
-3257.2366721633543
-3262.2091314762447
-3258.029962527919
-3258.353134201701
-3259.281388722789
-3257.6535349268242
-3258.0071286081948
-3261.597190038212
-3259.4736317992424
-3261.051132278352
-3258.055162344103
-3260.7583949261193
-3259.0989422118882
-3258.8832387597504
-3258.4980538245068
-3259.162568763592
-3257.1018553612853
-3259.0772339691725
-3257.311497146044
-3258.412947271749
-3261.6434931314166
-3254.767664524695
-3257.941832147666
-3260.36280047906
-3258.922408017628
-3258.9283139318263
-3259.942313147907
-3257.271743819639
-3254.403882683073
-3261.108802542958
-3260.4334874810575
-3259.0995866017847
-3258.3542834843383
-3254.5590031258757
-3256.5173365163255
-3262.0691007571445
-3253.475695338088
-3258.798219262417
-3260.567635552706
-3255.2860037224045
-3255.2052083484446
-3255.4658530944807
-3255.941541934845
-3256.8560550781212
-3255.3805696546415
-3255.447791616424
-3254.2817428286476
-3255.519195493974
-3254.928281451819
-3254.837481193591
-3256.6649656362947
-3256.4871694878957
-3256.083754279817
-3256.4325482681925
-3255.849100456032
-3255.9089971738053
-3256.0976163118867
-3254.5030379402538
-3255.0180786759115
-3254.6320673775194
-3253.85041683632
-3255.230109902073
-3255.6715693935807
-3254.1303970735917
-3254.8874973630723
-3255.90376196936
-3254.0050306680228
-3255.6930247445034
-3255.845350627795
-3255.916618886616
-3256.112505916599
-3255.300506631183
-3253.7301502505097
-3255.3050140991236
-3254.674785070368
-3253.884704733087
-3255.7152085925554
-3254.9013042925408
-3255.535431350819
-3256.2997921378974
-3256.1290529593048
-3255.5757105343523
-3253.403112410745
-3256.1264983083147
-3255.2209851916928
-3254.37312658849
-3256.1077497805813
-3256.0619874799636
-3255.3432831094424
-3255.755627198149
-3255.0722629566426
-3255.5649854626236
-3257.0829992076933
-3255.325840959279
-3255.5965382144104
-3257.6781915776987
-3257.1415814872303
-3255.651442503889
-3256.685629508283
-3255.8571273852435
-3256.645189371478
-3256.816516293559
-3256.596349509198
-3256.7532768213728
-3256.6907761379184
-3256.660305841598
-3256.832725260062
-3255.278156320382
-3255.8268201098776
-3254.53712346017
-3254.534148122183
-3253.8563944926623
-3255.8110675270605
-3255.3857421474595
-3253.9730172525137
-3255.004578940516
-3254.6277480873814
-3257.468245646057
-3257.306332225148
-3257.095377927163
-3258.6837296119334
-3255.1920586459937
-3258.084517748566
-3257.1069954562895
-3256.1913618833205
-3257.382924443936
-3256.1040226633077
-3255.988486643293
-3255.792105321808
-3256.826558020768
-3255.281095199481
-3256.69973113463
-3256.216144084123
-3255.9927244540377
-3255.464851639606
-3256.046044431491
-3256.8816193959015
-3256.2157542791397
-3256.3577489312897
-3256.4353569203345
-3257.324943425548
-3258.043073001104
-3256.192172199242
-3256.465490407778
-3256.8301320540504
-3256.129090696215
-3256.3153290397095
-3257.1477390119817
-3256.8057331182085
-3256.9910890543943
-3256.4675448685316
-3256.8330621063997
-3256.5576206995747
-3255.596194888029
-3256.8273572191933
-3255.7237008384013
-3256.5478747106126
-3255.8924957702243
-3257.0732486828906
-3257.99918757831
-3256.6622143255236
-3256.5452822750476
-3256.5980652147587
-3256.248975247665
-3255.3521535797718
-3256.779084257999
-3255.118984238303
-3255.799870522357
-3256.0455492235337
-3254.5089758459453
-3256.098879536382
-3255.7649752331868
-3256.3858250655294
-3257.4332975627085
-3256.565141461656
-3255.442206932235
-3256.125940503081
-3256.223382639995
-3255.775456063812
-3257.014124496099
-3254.776999652836
-3255.8677747494107
-3256.651577079114
-3255.756010341343
-3255.9811420970946
-3255.29519497484
-3256.218108223613
-3255.23890185764
-3255.481559042432
-3255.719233915111
-3256.09458520879
-3256.145692949668
-3257.27538427799
-3255.000995020234
-3254.824788323481
-3255.097039580456
-3254.7487650006433
-3254.7186454719467
-3255.1552296815494
-3256.1315323847907
-3254.8406106652747
-3253.919644680906
-3255.8381705535444
-3254.4488718940142
-3257.9811689127087
-3256.821127209936
-3255.1338468532376
-3254.9722698087444
-3255.791462310546
-3256.3613343511756
-3256.613159933252
-3257.659736262776
-3255.6061929735697
-3257.001233309441
-3255.7008743860324
-3256.5714302972933
-3256.8423405206854
-3258.3369544619277
-3257.4554948720106
-3255.6542777119803
-3256.907913917258
-3256.2650494325603
-3255.8924434881546
-3256.3314933665565
-3255.8274897647148
-3255.8896360166127
-3257.0188262509164
-3256.6927929713856
-3256.359981325475
-3255.948844460096
-3254.68070357565
-3256.322810668132
-3255.8060071039185
-3256.1453425052987
-3258.7784768154656
-3258.3212733457867
-3258.568092208458
-3259.5656817634344
-3258.1778501536573
-3259.1329708872345
-3257.9565604395634
-3258.4043811783977
-3258.6343851402776
-3259.466915246275
-3260.6375615573393
-3260.6761777022143
-3260.598023232635
-3259.5535159872643
-3258.2689572978957
-3259.3290281209083
-3259.383401358652
-3258.9178929331715
-3259.616932602614
-3259.4587854919737
-3257.8127765734675
-3259.0235676253214
-3259.929774773478
-3258.8935788322606
-3257.3921914589314
-3257.276991685827
-3258.9986561173055
-3258.2363841260317
-3257.7622123412048
-3258.119679157395
-3258.658880531038
-3259.1935476120625
-3258.9773469684797
-3259.3320094879537
-3259.098044286233
-3258.440505411842
-3258.2731328761865
-3257.216961350083
-3258.986144181733
-3258.4844168386558
-3259.3813641977467
-3260.330121503215
-3258.7703808351785
-3257.161140898624
-3257.7212848881168
-3258.484171266578
-3256.9575762543172
-3259.060161846745
-3258.725791347976
-3257.1024843950763
-3257.8850737770954
-3260.142924395385
-3257.741422567026
-3260.6246834427925
-3258.9440703076375
-3256.985730597437
-3257.8086655966467
-3259.1039150071038
-3260.313849814098
-3258.926169383716
-3258.242657356473
-3256.4884851297993
-3259.6478736426116
-3258.5030090096643
-3258.522963753281
-3259.435920691871
-3255.749318666904
-3257.378514827781
-3259.1661141929535
-3260.0545133412156
-3257.674162733753
-3258.121528857414
-3260.885517529105
-3258.046058715751
-3260.1722136641297
-3258.2925164664125
-3258.393967578918
-3258.755257145218
-3255.5611447181786
-3259.5076466211094
-3258.246357282908
-3258.2982568782954
-3259.603642302505
-3258.922848747056
-3260.7110663493404
-3258.0155139693948
-3260.614498570883
-3259.8865831905678
-3257.4551297363846
-3258.7323994461035
-3257.5450729420727
-3257.5533062972027
-3259.9617102091174
-3258.9823019538558
-3258.4764818359286
-3260.479630499434
-3257.795126154943
-3258.3442116393003
-3259.744784765732
-3260.3620328332754
-3258.7575164345267
-3258.889307467275
-3260.088281622141
-3259.854021104553
-3259.847956474865
-3258.532736516407
-3259.887079819611
-3259.055335760147
-3258.202532614464
-3257.8139575601595
-3257.255365434545
-3259.083512056307
-3257.480575549302
-3259.3469075960124
-3257.7958085611845
-3258.2614418744047
-3259.099368314965
-3260.230011789641
-3259.537791466292
-3258.6130287457945
-3259.084535078785
-3256.9444019339535
-3258.7883156424787
-3258.5266396989095
-3258.8230336752
-3258.1501190287104
-3259.6590709336956
-3259.054918267299
-3258.715826660393
-3258.019837702228
-3258.8673408150894
-3258.5291333610094
-3259.196839177203
-3258.5171235206626
-3257.44091542489
-3259.3112003425895
-3259.981915619614
-3260.2962713584234
-3258.8675722782186
-3258.645987542568
-3259.444603736745
-3258.79716138641
-3258.4182850861116
-3256.7330571493317
-3259.759141607523
-3260.0837031414935
-3257.8570893318483
-3258.224286119306
-3258.555187359011
-3260.962917064497
-3259.5604598633568
-3258.5861934511877
-3257.9372074651146
-3258.703156032688
-3258.200945816776
-3255.6107618959245
-3259.243381307832
-3256.312631352437
-3259.5338397593478
-3257.870355805868
-3258.9173904190898
-3258.9473250774267
-3258.0430148477294
-3258.4550849615334
-3257.582091724227
-3257.94987358314
-3258.1295531704445
-3258.938445824998
-3259.643487084717
-3257.67883116985
-3257.9601253751584
-3259.2103612242945
-3260.234780024625
-3257.7709702214925
-3257.7974335536633
-3258.446373382175
-3256.9178364155905
-3259.0516256702927
-3258.325051028228
-3259.0102697761313
-3258.6083069737874
-3259.310911207881
-3257.3895738271017
-3258.662818066279
-3258.2857366834546
-3258.259459746805
-3258.928809752976
-3259.346472639428
-3256.7271345821237
-3260.459276264414
-3259.517598106643
-3256.745211005472
-3259.2657157283807
-3259.307284066037
-3259.198766452323
-3258.4623293957616
-3258.931232572672
-3258.8073722983795
-3259.849114563158
-3257.6845678932827
-3258.3259852089595
-3258.0158196862203
-3259.787472689658
-3256.958281192314
-3258.322699443253
-3305.7055390441915
-3345.4872370594217
-3307.479907305723
-3298.326038331034
-3324.770204376218
-3289.7595003632914
-3306.466519841931
-3305.215142365009
-3297.0308922673803
-3304.4746599638984
-3292.0803308772884
-3319.015575547212
-3308.342287643228
-3312.791228082507
-3302.769957356126
-3307.845544022022
-3286.4226285717677
-3286.6622203497386
-3299.44354057533
-3297.0178710389564
-3300.0513792728593
-3287.037590831859
-3306.385908560069
-3313.4176239765807
-3289.4570315118985
-3317.357624640113
-3311.2938321927277
-3282.398084536234
-3312.9733949489555
-3324.0455224053117
-3291.5429098132904
-3300.4607627795467
-3330.6740364789393
-3290.2468493179235
-3281.6548185876172
-3312.2042190840752
-3325.2346490265204
-3285.455229860475
-3322.215863152258
-3306.9069955319433
-3297.782834668815
-3296.2085150137273
-3299.615327985945
-3305.402935482076
-3286.2767479636736
-3318.743595362928
-3319.8362199006947
-3299.63227397837
-3306.2746976369604
-3292.8224858589065
-3311.642447191274
-3279.3658911714156
-3324.067747341
-3313.894153434785
-3311.6253273949583
-3306.079717132503
-3317.672174571958
-3287.3419516769336
-3295.45510429531
-3285.732581852682
-3293.225051877937
-3291.252787203152
-3313.4514787198436
-3311.3437740309655
-3296.4246920463747
-3293.7584036381654
-3285.935719847859
-3304.4363763432893
-3299.101177300069
-3286.987202877392
-3284.767109301858
-3297.6809675205873
-3291.538311766977
-3281.001988872416
-3305.6490122526116
-3302.057565983389
-3305.759495305636
-3286.8131562277295
-3270.735874286852
-3299.7835942739316
-3276.941320424622
-3299.2283872353078
-3300.407097674946
-3310.961217628999
-3275.9043264052357
-3312.1017613211084
-3308.5301305727658
-3305.906225016534
-3316.4625271635737
-3290.774837741322
-3283.8634198424
-3293.019138329148
-3305.925663773011
-3288.867740019158
-3305.390079857966
-3302.11747766391
-3284.9816930913216
-3297.727476954606
-3306.885435395425
-3282.823195881056
-3316.2191323834436
-3289.83757407382
-3281.2227535410257
-3317.1879624265193
-3309.8922186500035
-3295.999540287351
-3304.307870565586
-3298.6135430675276
-3298.827703704616
-3281.3946147491024
-3306.9890161818457
-3292.3455321832053
-3302.916672367329
-3281.9950225066636
-3311.0849321432297
-3302.8821761723016
-3308.1281556396916
-3298.3619940641347
-3287.9825432362795
-3297.0948316159192
-3283.077345450259
-3281.3424816598263
-3292.9122097842396
-3298.124468541302
-3305.7472348451256
-3331.718062154023
-3323.9220678579395
-3322.661862149539
-3299.3341879273735
-3294.6423342670873
-3288.224425500407
-3285.3033193439605
-3301.177048629021
-3288.374908778729
-3290.429716461806
-3285.291037361353
-3272.196576926351
-3291.039393649815
-3304.7570659181374
-3292.3631198248086
-3313.9847666255114
-3297.2114529219593
-3284.0337456146985
-3305.254808362451
-3298.4228970534537
-3285.3006486205068
-3326.9402444008224
-3283.2422343978255
-3307.515555706866
-3287.3220924995003
-3320.6773843290694
-3288.5654761313367
-3299.8240090145655
-3303.7411047863975
-3274.7677994195087
-3288.206154274214
-3302.9577152854204
-3321.3854301790575
-3297.764882612047
-3313.696974873196
-3304.348858775958
-3309.708126482609
-3311.536598469312
-3315.4697391478044
-3306.265657276616
-3302.396115881859
-3287.4353845675073
-3306.7125191841865
-3320.1551854060576
-3324.897286332127
-3297.9196777553693
-3283.0807345446956
-3291.7189482661456
-3298.1366482954472
-3307.6919203861657
-3299.9466665689174
-3288.0798441664188
-3301.5024369642524
-3288.164029845368
-3291.6708758489126
-3299.582884903976
-3290.4016790572455
-3323.597263036819
-3306.7464898624985
-3316.9183335149423
-3280.758639014125
-3286.5899588055936
-3272.1791076686723
-3312.3443256668174
-3330.0691780201614
-3297.6263913813673
-3299.5616599330847
-3280.395831506054
-3291.1471096840837
-3331.031543690445
-3287.2794389341598
-3265.6212594577423
-3292.9896628352885
-3286.201446279926
-3303.9282028803987
-3255.521448603211
-3260.950475382777
-3258.5323827864704
-3259.9522129977386
-3256.6929562672935
-3258.9664171084455
-3259.3991593294386
-3259.674564500915
-3254.4810357829165
-3258.8519559761976
-3258.441487508841
-3257.666228669154
-3254.9630703841335
-3257.57641703642
-3260.2399464737796
-3260.7465201766327
-3256.912415313488
-3258.8538098984127
-3260.7261274858647
-3259.485544696274
-3260.52835568888
-3258.830295164008
-3258.6168753914685
-3255.151998766779
-3258.542398972409
-3256.817480405298
-3257.763745361881
-3257.587657225314
-3257.3828237678254
-3257.539045524873
-3261.668019029373
-3257.4958284228533
-3257.3789421617885
-3259.4953637972544
-3258.661729109735
-3260.478580236338
-3253.6482257614366
-3260.03577069628
-3259.2064028002355
-3256.3157507990395
-3257.3048816329197
-3255.934766292151
-3257.03173406302
-3256.960322606024
-3260.1550724772796
-3256.3574288940736
-3259.703903567207
-3258.922829205696
-3259.3407438699155
-3257.0326041945937
-3259.5676796968173
-3258.196608561371
-3257.1570544029137
-3259.5415975563474
-3255.8277026144065
-3257.415726934748
-3257.702422980434
-3257.150402324039
-3258.803041757845
-3256.1643624465987
-3259.4381609235866
-3257.4469181074423
-3257.694924847459
-3260.282237463238
-3260.2091534377623
-3255.3766165753414
-3260.340734323169
-3258.7554063411576
-3259.42968359924
-3260.811336664195
-3259.625844051632
-3259.1750726105174
-3257.0566004023467
-3260.454451229118
-3256.3222227344063
-3256.4308889158733
-3256.8619491496784
-3258.5588354739375
-3257.6076958712947
-3257.7359031399747
-3260.1022004617203
-3259.257115356293
-3258.1044488689768
-3261.3531526388347
-3257.7377561035405
-3258.6944089084473
-3261.4847474529265
-3259.5342281703483
-3257.62333721917
-3258.1318364304157
-3258.092444691487
-3258.2359228140726
-3258.5687960717496
-3255.2997245366923
-3259.3489085215656
-3258.560976652749
-3256.065138317522
-3260.6130702673618
-3257.342319184435
-3255.015289958454
-3256.0294166222625
-3260.4453138746144
-3255.37102269572
-3262.658415236968
-3256.6438061935796
-3255.8030544505286
-3256.869413304143
-3262.105079199408
-3256.1080811033507
-3254.795445000205
-3258.6642761464204
-3258.289441705909
-3257.3016183720656
-3257.0078274759285
-3258.631423929646
-3258.4104290365817
-3259.8154189309143
-3259.2189300919217
-3257.932201205837
-3257.236487056877
-3254.951424947895
-3254.899976034074
-3255.1179785681074
-3259.7974309406627
-3256.2918558744923
-3259.478218496672
-3256.313834606071
-3257.565261303217
-3255.863311652218
-3257.9845436719706
-3259.935634575006
-3256.618017687777
-3260.6822510519937
-3261.0773653454044
-3261.5936209468964
-3257.773877972492
-3256.7367088449732
-3255.0769112064686
-3258.440850769431
-3255.752835972996
-3259.076097630595
-3258.33629490146
-3257.1723896001154
-3259.2905732588606
-3262.2268809878647
-3256.1663046873673
-3259.015370349955
-3258.0913362443907
-3256.2553517484716
-3262.1809524719197
-3260.9761905064497
-3262.1748975483833
-3257.0063459687185
-3256.8740902425984
-3257.7092373511423
-3257.078157851462
-3255.855579184631
-3256.5159123823064
-3256.770010735391
-3258.4298227999293
-3259.098003430342
-3257.828494585849
-3258.443149179639
-3256.501491486842
-3258.3437540302275
-3256.8308246410925
-3260.4966879493195
-3262.401935025617
-3254.6954660450983
-3257.7065334874155
-3260.9307796450507
-3258.3230503787745
-3257.244405963654
-3258.3830382482415
-3257.017046205039
-3261.3614321996974
-3256.315438957347
-3257.9311095346197
-3255.4199923124443
-3258.341530937031
-3257.8221996265866
-3256.886529900972
-3259.4136088762903
-3257.2460201195117
-3262.0612833328673
-3259.6391943171725
-3256.889829382767
-3259.1011843630386
-3259.8741411153665
-3255.793453021684
-3260.0230491640777
-3255.8264695431994
-3257.356368358885
-3256.5432998331207
-3258.468853286657
-3256.8838631926137
-3256.1244493937666
-3256.882745729396
-3257.9538537496665
-3257.1429711062888
-3258.042231295086
-3258.7130069505306
-3257.855723758879
-3258.4030654558596
-3257.3245622488544
-3258.0290796973613
-3256.8278208308916
-3258.5826104793646
-3258.4533366572186
-3258.3103633690644
-3257.920389887007
-3258.808905867875
-3257.671101515762
-3258.656294098197
-3259.3611033854995
-3259.0788129698562
-3258.837386299193
-3258.833057389253
-3257.0663678932924
-3258.739980715766
-3259.2673724263173
-3259.2125375424203
-3257.8808022998223
-3257.4615988119363
-3257.565995421628
-3259.245809866222
-3259.3735251532644
-3258.220717897319
-3257.1421465197477
-3259.312506627485
-3257.9572402048416
-3259.347779254796
-3257.432367014339
-3258.0289152914347
-3256.636425551239
-3259.0269956896277
-3258.9319987839194
-3257.564708547014
-3258.255514689536
-3258.3877498573397
-3257.438974099628
-3256.937308887231
-3258.607737442479
-3259.5557763637835
-3257.1819251446364
-3257.962500279571
-3258.921273496772
-3258.769504836647
-3258.675878050032
-3258.1958846362663
-3257.7742238014584
-3257.1632149018574
-3258.8280647184283
-3257.7062486921245
-3259.6889795334314
-3257.5678978551236
-3258.81081817351
-3259.881603658451
-3258.2503472396297
-3259.8634403320116
-3256.909360026599
-3258.640611697281
-3257.950959544061
-3258.4683404856714
-3257.912646265803
-3256.7537427008324
-3258.0675967090674
-3258.5641794210096
-3258.5514481242735
-3257.333870378006
-3257.9846357868128
-3257.651777003791
-3259.0489478807067
-3258.28331621566
-3257.3549462320357
-3257.527005207609
-3258.4371268169784
-3257.590178785798
-3257.640284749741
-3258.0428424851993
-3258.30241805012
-3257.541119425108
-3257.5626204710297
-3257.745209136026
-3257.8126386101612
-3258.4187027828
-3259.1558683924964
-3257.936091656378
-3258.0254017534794
-3258.6321719526663
-3258.691096029864
-3257.741828898827
-3256.396341905276
-3259.976597514163
-3258.303070159054
-3256.7981051599145
-3260.0148195151596
-3256.989658261614
-3258.3090536076324
-3259.17413256504
-3257.796735050906
-3258.0496055953054
-3256.957755128599
-3257.557151778236
-3257.3750816291013
-3257.671432131159
-3257.337134062133
-3257.72699044558
-3258.0189488916403
-3258.3046099377375
-3257.2991857340644
-3258.380570858555
-3258.608311258305
-3258.9070387085117
-3257.936190958295
-3256.71803526311
-3259.2615345131176
-3258.273942835756
-3256.8858894169252
-3258.655824087814
-3259.41518361316
-3255.968948452144
-3257.1955749657136
-3258.4288045472786
-3257.5307828892664
-3256.900569860869
-3257.1766219002025
-3258.105736372881
-3257.4556952515477
-3259.3730857595506
-3258.7942359984936
-3258.4051700846435
-3257.2654036847607
-3258.1902212802393
-3257.4740180915574
-3260.2112333541545
-3257.50122541691
-3257.289693397364
-3258.0411740764366
-3257.7704475601504
-3258.207596547988
-3259.4115062134397
-3257.462169086287
-3259.4584251044316
-3257.9751769910345
-3257.7329877842053
-3257.3958940444195
-3257.461387760636
-3258.966161455558
-3258.0271047807387
-3259.323286754078
-3257.4681793541454
-3258.2008365537476
-3259.0759786917565
-3259.223782623455
-3259.4599416263068
-3258.3178283837815
-3258.2647106164018
-3257.479256953423
-3258.2234868906476
-3257.378970424123
-3258.5633245046947
-3257.890607607895
-3258.204486044042
-3259.537498161057
-3258.188957933174
-3258.099861277117
-3255.962410433297
-3259.752769707141
-3258.4698400326556
-3260.1758165909623
-3258.004573199679
-3258.2540881255445
-3257.387591852579
-3257.4335086001224
-3256.25998500195
-3258.3431193956612
-3257.544787324457
-3257.526432522272
-3257.3501027716807
-3257.6738395889834
-3258.7815064620436
-3258.613463607514
-3257.8178177499162
-3257.55146069254
-3259.2315859429154
-3259.02206174485
-3257.0698315675263
-3258.4595709565947
-3257.704956609985
-3257.7047121438573
-3257.263116760411
-3258.188146424266
-3259.1141286808406
-3258.0330836573735
-3257.8065113075936
-3256.7030103532934
-3258.2778879057664
-3258.0187995794336
-3258.4368366752274
-3260.6897216567554
-3260.8623701079546
-3259.986871587927
-3259.9228404174373
-3259.8097574550757
-3259.4957582878246
-3260.5713788625917
-3259.252632687316
-3261.437922363465
-3259.5435285339386
-3259.7333078608053
-3261.124652915167
-3260.4573513630808
-3260.399988743198
-3260.8404144469964
-3260.6469293692203
-3260.0160821841914
-3260.6366279900335
-3258.99079329621
-3260.3613417738925
-3260.1038426036457
-3259.765992164959
-3260.2714176093364
-3259.905641922509
-3260.0951951123816
-3259.8958394294796
-3260.5893889766116
-3259.1078089496496
-3260.849060826834
-3260.848697690584
-3261.0722275344165
-3260.9059902455306
-3260.1387380324363
-3260.962285262636
-3259.750611885838
-3260.487454740461
-3259.8963798661516
-3259.7581742027032
-3260.3464479243066
-3260.8408805146873
-3259.6869262056935
-3259.821317230074
-3259.676701477412
-3259.1111679829964
-3261.0438091396813
-3259.9185358381233
-3259.2721007259142
-3260.937081853543
-3259.807250828582
-3260.1663312063697
-3260.1415316172934
-3260.553166976433
-3260.915100937431
-3259.8566697057186
-3259.9793158836537
-3260.3637476111726
-3261.540378911358
-3261.8226026537027
-3261.5899626959404
-3260.8081391853375
-3261.2948315505228
-3260.427503137081
-3260.635456281333
-3260.941769372769
-3261.1854291565232
-3261.5956892244208
-3261.266433429483
-3261.7161815931113
-3260.7564151500374
-3261.62391636186
-3260.3033949292185
-3260.0254507801747
-3260.8908315813405
-3260.4996425263816
-3261.6623266947076
-3261.138996895177
-3261.1379650838585
-3260.3967482279395
-3261.6171272158604
-3260.971150766161
-3260.641634996691
-3261.0284150903326
-3260.442441145296
-3261.066284915389
-3260.687259746382
-3260.2023014518877
-3261.98683489276
-3261.0261998024635
-3260.13055153203
-3260.839419804144
-3261.882717339031
-3260.4931853121802
-3261.2437184359205
-3261.0170661975703
-3259.831093202956
-3259.250798799923
-3260.6821570226343
-3260.231467280722
-3261.1011460049276
-3260.2741555414077
-3261.00819907703
-3261.1499010007637
-3261.256847087941
-3260.181057892043
-3260.8989180156755
-3259.902949579896
-3260.585475515159
-3259.9005285323415
-3260.4158996708998
-3260.7038458213224
-3260.207882430376
-3259.90638771604
-3260.8513477973274
-3260.5365316031234
-3259.7352420314846
-3261.9362647687267
-3260.51954516885
-3259.906130912843
-3260.3380601069885
-3260.3338836107864
-3260.8866821916617
-3261.0760167373605
-3261.4352852014617
-3261.66174137161
-3261.550754475725
-3260.665229771681
-3260.589085813616
-3260.396866640576
-3260.371015104506
-3260.8994811009566
-3260.723781608149
-3260.541241770021
-3260.481309154254
-3262.096188107139
-3260.9789994462794
-3261.2415322177335
-3260.9026899952455
-3260.476647319616
-3260.6287857775746
-3260.9179568254144
-3261.279149662441
-3260.3890329580718
-3261.0945547649167
-3261.855265935203
-3260.89823050908
-3261.1988972341833
-3261.74805914339
-3261.3970527226
-3260.096175510508
-3260.522530682592
-3261.273207975998
-3260.431457144617
-3260.9492826036562
-3261.8694144179753
-3260.8837090097795
-3260.4208228256734
-3261.357115657427
-3260.8493911193204
-3260.284551813258
-3261.692277098835
-3261.0586039697573
-3261.622765284007
-3260.823775997051
-3261.8128364873364
-3259.1776877731277
-3261.4891506186254
-3260.340912248541
-3259.8296255918503
-3259.634146979303
-3261.0413777692675
-3260.391820817057
-3260.3530711660433
-3261.957579234306
-3260.6067323764123
-3261.123549059152
-3260.363147384321
-3261.318546037726
-3261.399192543297
-3261.0044785264813
-3261.742363736735
-3261.107034818237
-3260.4525491756044
-3260.3494716751293
-3259.569023086791
-3260.8819354512866
-3261.0920544930527
-3261.131571361409
-3261.2657351330595
-3260.5335926184225
-3261.359971223095
-3261.96546226852
-3259.693484100819
-3260.0019946731118
-3259.8585319986296
-3259.830778857013
-3261.9311774674748
-3260.947089814019
-3262.2464449744
-3260.675043258651
-3261.311524428455
-3259.2025093370844
-3257.6812393475057
-3258.5691063881627
-3258.6885805053817
-3257.426221933919
-3258.552885864249
-3257.695576942208
-3257.7951790303146
-3258.6356532646814
-3257.7053663857628
-3258.518732958297
-3259.965565925932
-3257.3871384682543
-3258.0998613955758
-3257.741216234209
-3258.721054899239
-3258.4101498630494
-3259.16485358283
-3258.3344314032606
-3258.7606932145213
-3258.303907104987
-3258.2031220016866
-3257.2975709238517
-3257.7388861603918
-3257.582931609808
-3257.6561227897073
-3258.0432760652216
-3258.426253531944
-3259.5488380342376
-3259.4323251888954
-3258.3449742554862
-3258.9262459971624
-3258.522778077082
-3258.017701390919
-3260.000338451306
-3257.9366941577846
-3258.2104518747033
-3257.9256778744375
-3258.034108204943
-3258.6424050881346
-3258.3087247029653
-3258.7542565588424
-3259.8959399140285
-3257.866516887406
-3258.803880650625
-3257.6575040966522
-3259.1255573843837
-3257.4277742368427
-3258.290467531053
-3257.3809804439347
-3257.783171467035
-3257.9852903526926
-3258.2160324942297
-3258.41479678091
-3258.8470932521573
-3257.944947275338
-3259.5517990606554
-3258.5120835827947
-3259.5003728452075
-3259.452048523071
-3258.2668861928823
-3258.2389252922876
-3257.60239374469
-3257.6586186690547
-3259.320232202458
-3258.088228457686
-3259.3494824080194
-3258.2736743691585
-3259.0411674832853
-3258.1192141218476
-3258.5650395501766
-3259.1718234581112
-3258.1070664016756
-3259.1423604713723
-3258.6118496782574
-3258.92519569296
-3257.2721006531183
-3259.0438695671783
-3258.7189442358863
-3258.2152911959843
-3257.7023712061546
-3258.1483054349096
-3259.248873205162
-3257.8120507850135
-3258.018000273901
-3258.488817749436
-3259.211986029383
-3258.297477803171
-3259.418889758856
-3257.9167336745318
-3258.8251365216356
-3259.1205361075936
-3258.1513543177803
-3258.757687228527
-3258.2381718400743
-3259.1192900370174
-3258.076135829946
-3258.1144988830474
-3258.1379255267157
-3258.113277791296
-3258.60459809526
-3257.95255235617
-3259.013065262411
-3258.3256447316153
-3258.772024069424
-3257.3512818752956
-3257.4235314054567
-3258.7883154462556
-3259.300720158876
-3257.4600780197734
-3257.7877437928128
-3258.220419827241
-3257.2737139217375
-3258.3019758286255
-3258.262234932296
-3257.140383490592
-3257.963188710341
-3257.2906056960896
-3258.824880981523
-3258.1526555963346
-3257.5387119428046
-3258.219321559805
-3259.1119113180116
-3257.6410170674576
-3259.5417427376606
-3257.975456506407
-3257.287061733603
-3258.6586068153874
-3258.9640711710945
-3258.0166852159105
-3257.7600719478696
-3259.7954750902745
-3257.2755578957454
-3259.123550766541
-3258.4278647569217
-3259.469289581255
-3257.38696454449
-3258.39166565849
-3257.3079634313353
-3258.892774858308
-3258.244844842552
-3257.4340881565918
-3259.330305548543
-3257.5395682192366
-3258.4302178766284
-3258.232710165128
-3258.1286925797713
-3258.6519849146885
-3259.241625616636
-3259.5699383896495
-3257.2696995256138
-3257.824327256755
-3258.5771248000706
-3257.4377982209476
-3258.5321116018167
-3259.2913324034853
-3259.5819118490094
-3257.867014758489
-3258.0842885518173
-3257.350376626142
-3258.7497736795754
-3258.436100007376
-3257.739531243029
-3258.798207252071
-3257.5783083910997
-3257.4318133085912
-3257.9890669986294
-3258.839150192497
-3257.619814678751
-3257.9287238775187
-3257.6332267490857
-3258.462910651257
-3259.4412423666317
-3257.9032363224683
-3259.6723744767705
-3258.4301846376134
-3257.9829493608654
-3258.6483887371396
-3258.677689444105
-3257.488468740289
-3258.733729721444
-3259.355972804619
-3257.9072704464684
-3257.505550120728
-3257.8945321605856
-3257.840868422941
-3257.0595214827226
-3258.685254053588
-3258.6513157189543
-3258.0035960877826
-3259.0133244988274
-3259.1844634272056
-3258.5457217938324
-3259.305516805261
-3259.0737185774074
-3259.2939620993893
-3256.9912868177635
-3258.894266244018
-3258.250903632729
-3259.4409950816157
-3303.663772245817
-3349.954698643273
-3313.015151908813
-3306.3161271134063
-3329.948590529113
-3296.885169093577
-3311.4076502051857
-3312.2165903034984
-3303.9180130268996
-3310.2140409588246
-3298.365373304635
-3323.537372638242
-3312.908439698617
-3319.7634868584305
-3305.108562691722
-3312.431064967828
-3292.182719677243
-3294.0555177517103
-3304.0454304478767
-3305.127682802328
-3306.532420603508
-3292.5791361758706
-3309.372432894221
-3318.4347508957
-3292.3983802125945
-3323.1399956068753
-3317.849797330625
-3290.4090463301445
-3323.7992346067863
-3330.7124401313968
-3297.0172994740515
-3311.130811415894
-3336.730450426924
-3293.2559449775104
-3290.4919197010745
-3320.009214736586
-3330.817455313915
-3294.1369623388086
-3325.1148152336636
-3312.6116927291446
-3305.1357511495125
-3303.63365245349
-3306.521543402955
-3311.3286556305798
-3291.966281930417
-3324.119328774219
-3323.629882674273
-3304.1016171826523
-3309.7002646959068
-3296.276205430322
-3317.435853497354
-3285.3381603854855
-3331.7539355120366
-3317.0846766614522
-3318.8439189918854
-3304.575087907733
-3323.1439089956166
-3286.140808906528
-3305.3640401016883
-3290.924832576583
-3292.963885474304
-3299.4836502194353
-3319.3721782268954
-3317.745776361079
-3303.8838326129
-3299.6524349242427
-3291.674426958693
-3304.9492312558227
-3299.2630040221234
-3291.3433641907195
-3291.459304385497
-3297.322550396443
-3297.5861410479356
-3291.4692378098584
-3309.5690634977136
-3305.869406665833
-3313.8826999759713
-3293.8597864684616
-3278.735471660464
-3304.5923806316246
-3285.597252657395
-3302.307202013924
-3308.453757154629
-3317.3952189079937
-3285.928082680872
-3312.231664885096
-3312.186235095437
-3308.9990181800636
-3318.634165179115
-3297.513597133267
-3292.231750637273
-3297.640240082571
-3305.454549914183
-3298.713185361584
-3313.5330643423467
-3305.089779415024
-3292.0921030488407
-3303.8455441255514
-3310.8850288715007
-3291.293494026425
-3324.1726282230134
-3292.729208083681
-3284.091459080251
-3318.1567739914262
-3317.9512109737884
-3304.631518202629
-3303.991824326404
-3301.9624741874018
-3299.727079403704
-3285.552831524296
-3310.18006838927
-3292.326474675279
-3307.346743005253
-3284.460105200277
-3317.444503140079
-3307.9430213136648
-3312.053325073495
-3304.253842543744
-3292.364002585416
-3298.6079018398486
-3292.0600262467165
-3289.7838873753185
-3297.975166270583
-3302.600020386306
-3304.06005604751
-3330.1264442931333
-3324.6884300491943
-3325.5683167850884
-3306.026933723525
-3297.056861292756
-3296.875247692782
-3290.8452657282974
-3302.3603728695166
-3297.437713932015
-3297.218006682148
-3292.7788952467668
-3279.367943817518
-3297.946102451128
-3304.0250663732495
-3296.5918252519036
-3324.1521372427633
-3305.2358354372373
-3286.4961934174707
-3312.4296081070447
-3305.4009831374215
-3294.38864646562
-3324.1517554912025
-3291.957511610125
-3310.7419519990895
-3294.0794897168566
-3329.7942251094332
-3297.3173233835932
-3302.7443036741834
-3311.0414950277423
-3284.3694448647816
-3292.767715523236
-3306.6011213138745
-3324.337885487325
-3305.207660987257
-3317.831132650607
-3305.936618273522
-3317.250818279088
-3317.3810945095543
-3324.310585432471
-3310.603022170685
-3306.5703376415713
-3292.3772580011128
-3310.031897474175
-3324.7279711633473
-3329.883300379982
-3305.2270781382317
-3286.688525630184
-3296.9488724774337
-3298.1720728422633
-3312.963976780374
-3305.35438863968
-3298.3195619367484
-3304.80760188245
-3291.413878551727
-3296.3015719218324
-3304.6415075620143
-3297.712808017547
-3325.5746976923624
-3309.6946620540953
-3324.493363521564
-3288.94957974469
-3292.3417147061555
-3278.4683997475345
-3318.133231256285
-3330.469309299887
-3298.3996558342697
-3303.8346238964873
-3284.970453490063
-3297.5310686019698
-3330.8262474880207
-3289.4158156572275
-3273.781996631981
-3297.8500155363595
-3289.2975165544417
-3310.126566815467
-3828.5386538008065
-3691.2600062780843
-3671.4385173170754
-3739.157456894663
-4020.819814794304
-3572.648963721263
-3941.329342458148
-3837.3547548018346
-3833.292409895611
-3981.2476047663363
-3599.966522075775
-4065.75389453744
-3907.8268772676697
-4204.455191317991
-3816.2542388314782
-3777.922855948806
-3847.5931738617937
-4207.311686461782
-4005.8348260876087
-3990.4267359540686
-3391.1011312014157
-3697.7851414204233
-3656.5393975073657
-3943.6433775755945
-3826.676149535535
-3784.9590742103355
-3657.878758856174
-3672.120738623946
-3748.9254513877804
-3788.1588736970552
-3724.025709889448
-3809.0126584305317
-3895.1088027828387
-3700.8364994317853
-3779.9794273552484
-3640.322402334353
-3977.1965796684512
-3557.9466573667437
-3722.0952444144946
-4258.866497018735
-3888.085348082581
-4057.717507619182
-3725.3979929800803
-3623.968954424611
-3797.403819781222
-4311.688864868373
-3866.5243572575782
-3673.993879129191
-4272.152069959993
-3763.7162364527285
-3860.0294331652863
-3701.1615869916545
-4234.462418224911
-3788.6532931534643
-3861.3791089678816
-3937.7773761989843
-3800.7384596427655
-4445.969602871976
-4067.9195716376566
-3961.52370461563
-3295.5016796735986
-4040.1147048843686
-3527.9068085478334
-3831.7209826416865
-3774.8176315699448
-4108.15785167191
-3848.506448549314
-3459.6063580880095
-3556.5725155623
-3849.213605202411
-3908.466016726468
-3963.9864332607863
-3721.2892336127948
-3781.4319073102597
-3610.7349802272256
-3726.595319136323
-3616.962262709926
-3555.8244752665164
-3967.0725500569865
-3634.280413248028
-3995.5642507175776
-4193.152147702523
-4004.874890985048
-3921.199628345943
-3555.975892184513
-3707.453546074218
-4305.911115391709
-3918.7790253323724
-3748.933091744214
-3696.781841659403
-3758.0706910543076
-3875.7548185001856
-3699.2629146261093
-3749.846847391569
-3610.4331627071147
-3859.6190250723025
-3909.6927220434522
-3382.017064073509
-3632.8453622677716
-4204.456757088401
-3691.0511550398355
-3569.2932569527197
-3719.0174025174206
-3784.5704392484968
-4225.930120821042
-3622.4142765457773
-3424.9032366836627
-3472.3314325355573
-3828.671733855009
-3923.7682725969266
-3548.8325751407237
-3612.920366846786
-3561.017122996008
-4066.0949695089375
-3782.4273499037795
-3883.7854964053245
-4110.374323811406
-3562.6203549261427
-3612.6747089497226
-4373.305341922832
-4281.392789447718
-4103.89707881203
-3859.512824444775
-3768.4829483723606
-3989.7581842847685
-4189.613811773883
-3558.8907518370766
-3854.6902466824854
-3968.5411349252367
-3814.8391465271675
-3798.196875714891
-3822.5742530288926
-3891.974905478213
-3383.8083839827673
-4002.548975642183
-3788.980317728258
-4156.559466546879
-3715.2038976353238
-4163.597196460356
-3982.193290036628
-4419.925608288178
-3696.4137008453067
-3891.1070522471928
-3862.776099975843
-4247.446611100454
-3670.898962178095
-3904.461903850406
-3777.333671850131
-3792.592821544854
-3551.1132834931414
-3396.0722677652043
-3983.42730941763
-3905.7171079298228
-3657.2138104894784
-3731.4714366627763
-4153.7479497910845
-3711.187506843007
-3629.813389021464
-3219.1307540935436
-3708.9369027801945
-3865.3112894247174
-3928.1658253618825
-3875.885656228579
-3835.6939725512243
-3746.479525118705
-3720.724144307328
-3688.220250522565
-3907.5795857297617
-4345.321108434412
-4148.111933931103
-3461.369179018858
-3827.1710220505765
-3808.2403895775087
-3842.8033117261007
-3866.8722400749516
-3409.2411438005947
-3885.832569674948
-3911.289336099715
-4132.549376770166
-3690.103961872581
-4340.015636820033
-3757.101572776314
-3872.2920611085847
-4104.762943105061
-3834.837257563069
-3421.060959977618
-3747.714428814713
-3312.129985669519
-3906.639539418482
-3761.5579056387896
-4193.171422561226
-3818.7651839627624
-3738.2802279930083
-3725.6088782075426
-3696.6945073879215
-4162.493473101698
-3597.6863555450327
-3891.678076243905
-4142.841622603687
-4241.820124934965
-3928.2180699041523
-3853.401986572687
-4005.7555612357733
-3864.7004138152183
-3833.568635206327
-3875.6390439810907
-3807.3519889897125
-3694.7225362123368
-3823.149798245264
-3607.006033963308
-3869.756184811621
-3898.33989265502
-3839.6804613375616
-3904.7010685626806
-3705.4453347570184
-3929.989357043699
-3806.534090252494
-3860.7673177048987
-3742.7737680401106
-3766.8247780027227
-3766.185022366902
-3840.018282154096
-3782.427257905482
-3894.30259687964
-3876.5605017502803
-3823.2183735560943
-4028.910143123997
-3895.0270123913106
-3904.6925930937086
-4063.929266933431
-3860.8302189050282
-3810.924859394337
-3859.0938547465034
-3901.2034879078637
-3803.056669204132
-3741.5379449729203
-3774.0915691278556
-3917.8128221960715
-3738.586160969197
-3890.4180957619133
-3890.3940396984776
-3803.120087342468
-3744.8822715307706
-3901.7134578274054
-3841.6756297859006
-3868.7270980034637
-3917.465168733065
-3871.85781596795
-3762.2746132273205
-3793.8077147046483
-3782.708357849421
-3961.0738965440974
-3891.1187105302993
-3889.0251138984886
-3823.361118886752
-3955.840204642628
-3828.3030023373367
-3846.041226516806
-3928.426341615685
-3851.1997738235104
-3898.616477591343
-3818.323536111846
-3904.5640945271402
-3912.5262168948793
-3733.3034988610407
-3888.9876217314295
-3763.02311830884
-3991.655908209767
-3889.9542402522006
-3909.170145053404
-3805.311888266533
-3900.342486046234
-3758.8702899405935
-3972.0134438502278
-3947.60749537453
-3817.8884841901213
-3791.269307657588
-3945.5693019501145
-3861.836942605887
-3969.349497580461
-3840.716513394772
-3881.4755657810015
-3913.286656788021
-3929.0389228660115
-3917.2007728732815
-3837.2271630566997
-3918.985102496638
-3814.6343626097764
-3918.1196928352306
-3812.4223197846077
-3878.9981377846616
-3869.860956227067
-3727.3742650273066
-3689.552584714951
-4099.41484417274
-3838.694436156701
-3882.9070685948077
-3918.3226446619706
-3938.4055696260766
-3994.6100371063703
-3982.522229217966
-3867.0231086265794
-3852.542688647118
-3888.2912148540827
-3936.3284892343904
-3841.1510994960695
-3812.6588408826237
-3883.604575942399
-3872.0539177805686
-3882.5835332466013
-3764.943646049069
-3730.0338458530264
-3911.3565892211477
-4011.539226579535
-3948.7401207256303
-3914.3211880645654
-3708.5400856049287
-3732.243863328985
-3799.228799012683
-3861.7240563113764
-3667.86738226768
-3897.3474467387414
-3761.5667413941196
-3830.916311119783
-3950.220455167501
-3824.9454509627144
-3816.3257002302817
-3843.7538840817783
-3816.5321465778384
-3872.645514199826
-3716.2421624169065
-3721.2407170094157
-3844.2444026917415
-3669.923827117524
-3916.4167367613018
-3822.2361705680996
-3798.323097414626
-3916.7579190437336
-3831.292916816215
-4133.9783613043055
-3677.64765477292
-3638.103214098401
-3835.7157754025543
-3956.383626316055
-3848.0879709463898
-3990.1062373930026
-3893.415315573595
-3870.5963989047123
-3755.6809305338143
-3971.0634743288097
-3863.6625867340176
-4004.3414670082107
-3909.0916832552452
-3949.111836639858
-3903.387901643299
-3874.7404928220467
-3773.609275579528
-3714.943210132332
-3911.318232916779
-3919.2394451731802
-3699.48939948304
-3722.3157204120407
-3847.1896447485688
-3783.6830787961067
-3772.530456458367
-3786.0777985176433
-3911.9249723295893
-3834.52440465342
-3807.331504636017
-3717.5681128366905
-3852.1169808168106
-3986.512728725439
-3904.3638842444516
-3926.2623003148956
-3833.394941504838
-3950.4909022479496
-3662.957762357644
-3672.4762682104974
-3957.9213051406978
-3845.5595259392776
-3936.721722969876
-3994.159585979547
-3850.508014538749
-3756.779124293418
-3847.283046349301
-3739.333159022785
-3803.261912838714
-3927.8274598041594
-3789.9577293296124
-3878.857099529425
-3888.396359857682
-3998.372493648639
-3933.913349037618
-3784.82699627451
-3751.746806638705
-3901.8156476665627
-3887.204251094726
-3833.278192294556
-3798.651962181867
-3941.343409256774
-2898.0703034053017
-2901.348067030448
-2865.838343278029
-2862.3657434842917
-2873.6826844859183
-2921.4149921663025
-2866.0227201175344
-2918.4793758787473
-2885.6586912982234
-2884.129025506871
-2897.9641915597726
-2888.899170985434
-2886.088562049577
-2859.076611973546
-2914.5779443095716
-2866.0518040851766
-2908.2221596252966
-2895.995174135725
-2907.0367580493007
-2880.27193658511
-2883.731750270117
-2876.915674343852
-2915.5647245890973
-2876.6549293533967
-2903.861651613379
-2902.5388573667956
-2884.9159258583545
-2917.57719277131
-2904.1109682575666
-2896.3552228398244
-2884.3348456884437
-2888.0932080436305
-2877.681287556594
-2871.481165801146
-2873.0113593202086
-2868.878277776055
-2879.486111989868
-2879.4970003959834
-2902.614604455962
-2886.7376492583385
-2922.8667159550787
-2877.142863659657
-2907.477290753455
-2906.4590179576016
-2910.284859677127
-2857.3806282673663
-2890.1122677563244
-2868.571187938219
-2855.8664618778307
-2895.9474560533504
-2908.4327809802066
-2912.2465621568854
-2909.3947361831147
-2900.81825042522
-2864.0230194433257
-2873.1575669843096
-2922.538044750739
-2849.6134160680385
-2894.7692947185783
-2879.744752990847
-2865.8011836148335
-2881.766637279953
-2891.196302147059
-2849.981305416986
-2891.7998294399335
-2893.423807018784
-2875.256798344042
-2883.9169831734207
-2865.618239652189
-2916.7590905127936
-2905.8908595510998
-2858.6987854870326
-2881.581096044376
-2870.663918922268
-2849.821128569083
-2859.2828164286057
-2908.259348491915
-2860.354933419651
-2864.54640662613
-2854.86030486365
-2868.0099825941666
-2882.626706828941
-2850.64403793262
-2838.9157815093727
-2872.059629098305
-2812.405924608247
-2823.7597973171605
-2881.3582903635524
-2871.2051687925414
-2923.7996169218395
-2881.7212542808484
-2880.818210533728
-2882.9223526997034
-2895.3872391687178
-2834.1385578587333
-2885.903532464737
-2865.554089404281
-2886.593346832207
-2904.8871413045354
-2872.7346968984907
-2920.1445911483747
-2874.3601168249543
-2896.7638796912065
-2938.2876391514146
-2894.286536111112
-2920.2630993218313
-2886.9605068786377
-2899.1385130348363
-2897.0841937560745
-2882.1544203058393
-2877.88272377813
-2916.023293452058
-2893.4728139243307
-2893.509389749755
-2888.560801440531
-2911.0038689244757
-2894.0915681451247
-2916.538131083696
-2898.451911077015
-2880.6674285283084
-2876.2018388386596
-2900.5542756769473
-2874.9293071516263
-2833.229506485033
-2888.040661707188
-2881.283578868241
-2882.024233523605
-2911.273089705263
-2926.6741307737575
-2862.5977616617542
-2862.3540711993
-2914.6859254697
-2896.895893135989
-2885.20642668818
-2856.8182230055413
-2858.2068649740622
-2848.4669360031835
-2865.7575947944747
-2845.146253704084
-2873.8810429722366
-2845.84400319241
-2858.1082311182977
-2859.5076323561234
-2859.6414248153865
-2882.2845213740356
-2855.769619547797
-2900.06929321401
-2879.737774356167
-2898.760790223862
-2888.4341995498426
-2852.4478301396834
-2897.4865270258333
-2880.721779823126
-2905.815385838171
-2835.404341855311
-2891.869242949762
-2874.3330622611397
-2865.0374572382957
-2832.2949022671146
-2861.199208910821
-2885.2757154673245
-2886.0596982917477
-2856.041977185161
-2873.2487617128754
-2879.3997794144757
-2906.7931757403117
-2925.805587941244
-2923.6561393961947
-2909.6857394585163
-2912.1814504873473
-2905.0413452379235
-2878.9524464800734
-2861.4014468243954
-2871.3103619819362
-2868.282777126476
-2901.7077186388287
-2861.0175816453375
-2873.506237968314
-2862.8176231410007
-2847.0334533049518
-2870.138398299661
-2920.2024129288543
-2907.2764633991455
-2866.165831301851
-2895.6944104434488
-2895.309761319162
-2899.4330802664817
-2904.607774169859
-2907.434934955152
-2856.810255327486
-2866.2838667465476
-2889.78762081216
-2928.1462156457906
-2886.6288293257962
-2874.661415258084
-2898.280153470835
-2934.8181742955817
-2882.616683862181
-2891.391088421829
-2953.502348156072
-3871.3654363538853
-3824.885951548234
-3787.4358778193828
-3802.237912501773
-3907.8090583148896
-3843.7741790163336
-3832.7897783554304
-3848.336803049942
-3808.6533563887633
-3928.7492431912824
-3900.8270035032265
-3801.534056763498
-3920.086823770399
-3927.3852154373512
-3891.13840906462
-3841.7273545730627
-3853.0271740551775
-3817.2916315427237
-3886.6931596103486
-3825.2863019377855
-3854.755998567594
-3829.407815135068
-3855.1968984688638
-3847.717871587098
-3903.3330057751523
-3879.1494714739
-3849.242873855643
-3869.6930116126064
-3882.303375954234
-3890.544570938162
-3800.486483585631
-3864.819321562053
-3818.1762546609652
-3835.7741194503697
-3838.653195341452
-3897.955856591556
-3935.317760877841
-3929.5984132031485
-3861.6779379091645
-3876.4413979216692
-3843.1102858549575
-3791.8389917581976
-3771.340998006501
-3809.3977555250376
-3840.945368919283
-3788.9701191386253
-3898.629130955705
-3905.0533419355866
-3862.5621675062134
-3849.5729971477253
-3857.235598458389
-3827.2044790055124
-3902.5208980379175
-3941.737117897272
-3833.25161572706
-3818.1715059100625
-3781.1811683223973
-3781.917483802267
-3763.7275425996836
-3881.8860918934524
-3852.014027498315
-3766.2250424484387
-3850.864338498118
-3792.486523251072
-3920.8207552665103
-3902.104252117477
-3815.6571004362672
-3889.265913031273
-3858.9457668403916
-3773.028163781481
-3922.4846964805624
-3867.8304329348925
-3855.427373038129
-3772.964954271524
-3901.398850739911
-3854.4706443322775
-3796.5501152762067
-3834.912930687096
-3886.260821054787
-3810.3466486959264
-3798.9753292114324
-3924.8692703128827
-3826.181747602468
-3775.2244024608835
-3841.7338817762184
-3937.390198432637
-3781.5174462876453
-3900.942981828102
-3854.084946761686
-3869.398473949423
-3839.982457324135
-3872.267843046794
-3852.037770750546
-3920.0559676651646
-3933.271100366355
-3795.3653720172783
-3860.1624703417256
-3842.0518387855204
-3814.0467991345117
-3812.971458137735
-3896.9087891020545
-3884.99117892776
-3807.126466742399
-3886.2446396881273
-3835.8428667265334
-3798.2621510892013
-3905.7498141090027
-3838.48380067483
-3784.8671581120725
-3847.344296374542
-3835.0217753700786
-3822.869737198415
-3926.9224851049385
-3876.857531344144
-3790.179744934904
-3872.4352014994333
-3840.7665845137967
-3964.927218006772
-3830.805591600979
-3813.671275094228
-3905.7730565690886
-3899.476264816765
-3809.445422875555
-3905.932466246783
-3862.461943954778
-3873.481436896036
-3840.2497411112345
-3905.6415587374104
-3915.3902077836296
-3831.6122026931616
-3848.8229265696987
-3855.7673426301803
-3912.6035447125164
-3887.1815870677287
-3859.484546560977
-3803.683964813478
-3797.719196772224
-3731.692246311966
-3808.5414028834543
-3971.482624914567
-3861.391501934931
-3880.8806856733686
-3820.993282131425
-3910.4135757099352
-3865.4725205990944
-3829.91261973603
-3928.751772468457
-3896.2358478413444
-3899.6759285480275
-3833.116689986072
-3810.696983105713
-3793.2391785146765
-3923.086377497085
-3845.365290355004
-3810.4574600395918
-3848.4860506147866
-3806.5494500609816
-3846.0519824988028
-3769.9149508733044
-3876.0556374179228
-3785.1061232794727
-3878.116652942458
-3875.3211321315903
-3859.1934976220878
-3814.5700376371856
-3864.124025968154
-3875.926228152186
-3891.789493068191
-3890.9245471929694
-3791.6752687259327
-3729.2603115834545
-3758.070286571257
-3849.151513046963
-3827.7482445143564
-3856.100209918153
-3868.892746272864
-3814.842371569954
-3899.465142674
-3904.8848327160035
-3832.7625134229775
-3846.722144431881
-3835.963174252391
-3871.0752807243284
-3871.7017444417397
-3909.8548080057403
-3863.644650148649
-3879.9963062708707
-3957.2325383028983
-3881.0776030529073
-3837.01002147831
-3866.17070408882
-3838.6720848495106
-3754.802160665115
-3791.9199371044206
-3854.865765052977
-3831.846250668852
-3813.5887835093636
-3784.6038753041616
-3845.4204413257958
-3763.9842453983133
-3582.4108989431143
-3622.98799260908
-3719.345686735392
-3595.176102997905
-3897.2152780149518
-3451.3725676095996
-3578.8957162396114
-3567.0316866372864
-3476.208054189187
-3599.594008112388
-3663.425704671192
-3945.613292390904
-3558.8809408114926
-3532.644833820729
-3600.726528109686
-3626.66515427536
-3559.7377280304563
-3746.15956442847
-3910.2099693185137
-3618.0230491755174
-3771.8006713146087
-3532.0156288858684
-3560.6464056919704
-3925.4946479876635
-3562.1573915468193
-3829.9665556110585
-3847.783012035866
-3442.440829435292
-3495.497404657764
-3905.7122503992487
-3857.1988388500636
-3447.554546120814
-3630.575933705687
-3615.1796837947563
-3467.559529417099
-3872.942956383761
-3631.0472222277945
-3721.018198228701
-3577.179018550631
-3827.2977494754314
-3544.8522226466434
-3468.427630549295
-3790.601852048237
-3691.4748266007423
-3892.4116073765895
-3667.440770002164
-4061.8117100202467
-3813.2471192832404
-3941.2414188354132
-3648.157751365962
-3711.984302927304
-3533.0186808713543
-3925.436839982288
-3949.5891548977443
-3645.3500037253716
-3701.727243025481
-3700.166033151256
-3657.3572437280204
-3567.43817375865
-3809.5069347253384
-3653.282239366586
-3537.2518676327554
-3726.2064774754895
-3616.769245530672
-3481.8445752298458
-3624.6423726715125
-3918.5236982742713
-3652.3817463690684
-3656.5923111779225
-3880.992418220597
-3872.034773359269
-3641.930698104117
-3576.7479505063584
-3380.3278261940036
-3859.9284192281966
-3561.997956848832
-3827.0746898690277
-3794.0069892181277
-3652.4460429524406
-3870.2873689443536
-3524.7479020850083
-3575.3304866390263
-3780.5830367894173
-3594.6869355835393
-3653.149537731549
-3661.5399369378397
-3563.8823543812564
-3582.925266048478
-3619.972976010161
-3774.7658610669373
-3562.1803466935635
-3898.8652531802363
-3665.8672180300327
-3461.0036971076165
-3865.4723152210695
-3646.514553372862
-3490.0915093748604
-3558.31230232589
-3938.724428328026
-3427.0840693538626
-3640.912329483708
-3579.227950771697
-3806.1061311854273
-3659.433846480937
-3666.3878069876905
-3666.411767579869
-3543.525523268852
-3557.099719141558
-3611.179606633712
-3833.6652007049756
-3901.3580080242295
-3645.093889887931
-3576.1708182604475
-3865.1623364479397
-3555.259795073739
-3708.9462378678227
-3564.0741692708702
-3483.4611443082954
-3873.06318293408
-3586.989718150153
-3547.5097000581254
-3460.239587335628
-3902.134550265424
-3616.461231494148
-3598.3974741243924
-3625.293317265283
-3576.1854404197516
-3590.2546143337663
-3600.8692220004946
-3919.73030796589
-3445.6873742911894
-3475.6831404844506
-3881.5750164387214
-3438.7790142317367
-3602.931012894637
-3937.7067477093806
-3834.1707572533574
-3530.353220423174
-3621.8091837779075
-3589.33986910036
-3475.0949994621683
-3898.0618461105387
-3522.219693645878
-3856.700353190007
-3952.3742172040747
-3775.142690667968
-3706.038181811669
-3597.2487793509163
-3926.1001397178875
-3711.6841808689383
-3525.713291474414
-3447.5840948289633
-3567.907051091866
-3624.496069907241
-3544.3733797009018
-3619.2251169822057
-3588.062386661491
-3868.8443683302617
-3514.5652793899976
-3948.218321128938
-3573.291810036092
-3590.4455195911237
-3823.9303663197675
-3521.249565531412
-3862.145831766993
-3581.004921074592
-3621.034611511115
-3934.2038434761425
-3904.7007554489046
-3690.0550395166642
-3580.040059491228
-3554.009145505432
-3894.407599299232
-3588.449248986612
-3525.2189748015617
-3877.5605510779733
-3658.099322597999
-3851.4050735966107
-3493.9969407482117
-3919.617797004479
-3602.4259081660493
-3703.4584815017056
-3610.7799793290865
-3928.789968935476
-3654.5245552100405
-3705.4765700139046
-3863.599438944065
-3548.244310629876
-3958.4755001191993
-3699.677667420351
-3595.1161485679527
-3955.4800764287625
-3845.2675631190014
-3595.9317474617324
-3629.5943418010133
-3625.0355121178122
-3408.538816429664
-3837.7113966589727
-3673.851043937466
-3683.2323333967656
-3258.1373164826778
-3259.5236853530787
-3257.6136258855427
-3260.863683621999
-3257.0325691674184
-3257.094202675265
-3256.2678662968315
-3258.568235828066
-3258.6379112361005
-3260.832621715045
-3259.593438368559
-3259.9610662978725
-3258.83047801032
-3259.0630692624727
-3259.1185954146517
-3258.7428795359506
-3259.9451627018834
-3257.7081476353274
-3260.4891385052233
-3260.664815858995
-3257.9729585078985
-3258.00950097356
-3258.8944558511457
-3257.7310019583406
-3257.877611089662
-3258.014616179639
-3259.553259444053
-3257.9945907789747
-3258.2919980176657
-3257.897268258266
-3259.618921989629
-3259.5332144113154
-3257.169618558411
-3258.031177419348
-3255.906630123906
-3258.172162823547
-3258.1287090503406
-3258.548570200302
-3258.668222709032
-3259.045928523851
-3260.24779060313
-3256.938901268736
-3259.514913753493
-3259.5001873460424
-3258.048817043249
-3257.032894344907
-3257.7284600201106
-3258.0930937499293
-3257.352981534958
-3258.0784605467297
-3257.100529880636
-3259.964271773472
-3257.1348685157295
-3259.1723918039825
-3258.2835867788986
-3259.0467125411596
-3256.6531329515715
-3260.9169614057073
-3259.755225942284
-3257.9714666333352
-3257.7989267910607
-3258.0522396886086
-3259.7696919120262
-3258.9990106950554
-3260.761132210536
-3258.8782079699877
-3259.4506605004726
-3257.9042963700417
-3257.852568495519
-3259.7205179697858
-3259.8219273008026
-3257.9429286608133
-3256.7185533962156
-3259.480489551735
-3256.896598752174
-3257.593312467189
-3256.9101577450833
-3259.6413035073415
-3258.1829160962984
-3261.443405476617
-3256.5835905429153
-3257.6776017140783
-3257.386769152758
-3258.096878005268
-3257.7611483681153
-3257.9520998364337
-3260.2070997551264
-3257.8515853301265
-3256.932264514036
-3259.1775909342423
-3257.719651158696
-3259.4468583979506
-3257.206709591311
-3258.0987896165134
-3260.0605786085484
-3258.6618190403738
-3259.1851012078005
-3257.59872763697
-3257.798538798666
-3258.1886294310034
-3257.3983809614465
-3258.4461260289854
-3259.68200888986
-3256.5498251543277
-3259.7222972203394
-3257.3906077739416
-3255.8813773521365
-3256.616738912181
-3256.0296146966707
-3257.5288186970683
-3258.2397584214914
-3259.2470388246415
-3258.193060632052
-3258.2240920752433
-3258.2898973771526
-3257.7580564032623
-3259.337491367458
-3259.0610953609726
-3258.2484641184656
-3257.3374397285415
-3257.042962998983
-3261.1711179379913
-3258.6505018525036
-3257.5739005629503
-3256.5032151734576
-3257.621999565036
-3259.636424981656
-3257.9447558195434
-3259.7880167272347
-3258.565017127894
-3261.4021965464835
-3257.0743831724576
-3258.6705933335265
-3258.448593745716
-3259.027632307439
-3259.7208204583703
-3258.100462596782
-3259.8654826721745
-3258.16736414349
-3257.3265293118334
-3258.7613420868524
-3258.9705370951683
-3257.5479217561838
-3257.892091642991
-3257.5258116051446
-3256.865050739776
-3259.2796075827614
-3258.0825722285276
-3257.615658004701
-3257.197589615384
-3256.1810528996066
-3257.62814698894
-3256.2945428247544
-3256.3777437317412
-3257.102083054196
-3257.4759130583498
-3259.670898912239
-3258.3304159563236
-3256.499598367148
-3256.156453642993
-3257.1389444394295
-3256.189882304889
-3257.0105597466186
-3257.1837473777605
-3258.890830516846
-3257.454820581008
-3257.2588528607216
-3259.727387504741
-3258.963848574719
-3256.7978842657353
-3256.5666726322693
-3258.579758200885
-3258.9638575917647
-3259.437893736122
-3259.723376061917
-3258.26159822537
-3257.44618235978
-3258.3835920016404
-3256.326197489097
-3258.4508821403924
-3257.7441266949672
-3257.066214008789
-3259.7964504844863
-3258.1223478640777
-3258.5735868636584
-3258.9452143628705
-3258.0540960437393
-3258.792732004699
-3260.2992682139634
-3256.2571714654346
-3259.6270840548686
-3260.7868241571837
-3258.0653727779354
-3258.1756452036057
-3258.9816326722867
-3258.9299957826297
-3256.699098690293
-3257.7470665161136
-3259.7722521230567
-3257.8328286488054
-3259.4362631165077
-3257.705214011232
-3258.44881173792
-3258.310448465062
-3259.275660663822
-3257.433180741295
-3257.587241791907
-3257.9115046261163
-3257.5291816977433
-3257.9050054678364
-3259.4954848706657
-3257.97827715156
-3258.203058732001
-3257.993805449468
-3257.307126739871
-3259.8511031711187
-3258.3290891099005
-3258.906465390366
-3257.4630117858114
-3257.401802638412
-3258.896300797101
-3259.3399412104673
-3256.964510508594
-3256.7248971406657
-3258.463843773972
-3258.8592664099083
-3258.0980600761286
-3259.335911533851
-3258.410895759139
-3258.9060276516616
-3259.4429528637183
-3258.2235695838867
-3258.5947971612013
-3258.8812930660897
-3258.6522690413617
-3257.29195625146
-3258.5240014724873
-3258.8057498739777
-3259.220792749497
-3259.089894910801
-3258.32742947529
-3256.983523362585
-3258.0177816572527
-3257.140189600736
-3257.7489712864035
-3257.6012133394765
-3258.514781733849
-3258.7454690266604
-3258.8250220678397
-3258.13659533537
-3257.738203234979
-3259.1228340950197
-3257.5410408058947
-3257.5967416464264
-3257.8190940379945
-3257.0736795394637
-3257.836498445915
-3257.6756951056664
-3259.009864581311
-3257.4740414805296
-3257.669242221955
-3257.948935135094
-3258.8257507415865
-3258.1120595038124
-3257.2082705518064
-3258.4956599685443
-3257.803682810533
-3257.997443858626
-3257.881010137699
-3257.4704381751963
-3257.9977850177083
-3258.3841222227493
-3258.063208828963
-3258.373063572805
-3259.6398175754794
-3257.8775639111377
-3258.754319634777
-3258.0490698840244
-3257.3190842469708
-3257.349101891402
-3259.8473312848664
-3257.7712544518554
-3258.8560261020693
-3257.183091730951
-3259.0540694295555
-3258.4752869621907
-3259.205854927993
-3257.7886794573974
-3258.373043998496
-3258.0038194675108
-3258.375614497383
-3258.07286473222
-3257.8880561067363
-3257.5224719937582
-3257.8353595320054
-3257.9499748748653
-3259.043331091662
-3259.011839604495
-3258.9651674341253
-3259.3198605778944
-3258.8309689347466
-3258.419263606594
-3259.2006358070403
-3257.8236083395245
-3258.3456387045994
-3257.9714834801903
-3257.5535545475286
-3257.8225804325357
-3258.107387735356
-3258.356461608618
-3258.2736944364856
-3257.4046369926873
-3257.4875023844593
-3257.822825967528
-3257.613729217575
-3257.4514349138803
-3256.60854302439
-3259.490100525098
-3258.5816483171275
-3257.5870522183777
-3257.0752088108143
-3258.4729483359197
-3258.5065323621966
-3257.3765956707193
-3257.497044539396
-3258.628492737802
-3257.545140744884
-3258.348677315401
-3257.965091942608
-3258.512984153902
-3257.7714454756106
-3258.3885933589413
-3258.1326463852984
-3257.8711283283737
-3259.144040128823
-3258.3711893828527
-3258.6047964591817
-3257.230342914755
-3258.049050709329
-3258.347927017199
-3258.6157490817745
-3258.615859981106
-3257.689131929613
-3259.7281472271047
-3258.2030574623136
-3259.54165249832
-3257.7238643423043
-3258.1157594903943
-3258.6312445832777
-3258.37457471314
-3257.152337417558
-3256.7047205159365
-3259.4978833239275
-3258.1628169515607
-3258.4872689409635
-3258.0330363935736
-3257.5112376087045
-3258.0237352100635
-3259.568375310315
-3259.236575848357
-3258.344077215995
-3257.842405851479
-3256.901305621088
-3257.7032158458055
-3259.8685842486057
-3259.5175658808757
-3258.340587598157
-3257.1962248287196
-3258.972948130974
-3258.4285300953015
-3258.563550931163
-3257.223618099401
-3257.390313858162
-3257.7796408046333
-3258.6238607295672
-3258.858236300057
-3257.4000119720936
-3258.1111288614757
-3258.6657694988075
-3258.8207755013595
-3257.3909279825666
-3259.1673212705455
-3258.713015727173
-3258.695112894096
-3258.3112750275595
-3257.326936837207
-3259.896792238961
-3258.1618122308305
-3257.0423120768532
-3259.0837931360866
-3259.279000140992
-3258.167343335416
-3258.771168658952
-3258.587427930737
-3258.6793656617383
-3258.448109306797
-3257.395389703934
-3257.857738021304
-3259.3044457131396
-3258.9086052156076
-3257.6911825194306
-3257.7344747941374
-3255.8333098898356
-3256.2675626840078
-3256.5164282209794
-3256.197223963092
-3257.494443210946
-3256.129023760784
-3257.090846860066
-3255.9009307704523
-3256.1499623841405
-3257.5473173457362
-3258.0903961246204
-3257.3371794918057
-3256.8847607700504
-3256.2305616054214
-3256.125631943117
-3258.0133641445004
-3256.226400626889
-3257.7468118248835
-3256.4714089743647
-3256.251336575622
-3256.386440347383
-3256.725410754454
-3256.1490073284144
-3256.7351028246603
-3256.2866831908473
-3256.7733566110387
-3255.836716101854
-3256.580051082148
-3256.0931300373586
-3256.454412507926
-3256.0422946939084
-3256.870199958355
-3255.943859593391
-3256.9904921380376
-3257.2580419500623
-3257.470190727562
-3257.1392292678183
-3256.178895729983
-3256.011975283911
-3256.3716364562815
-3255.6491520972536
-3255.9431060503443
-3257.118812750391
-3256.987034896752
-3256.6583010731597
-3256.7483647557256
-3255.7920321179054
-3258.428290630024
-3256.9831310102672
-3256.5373179992707
-3257.733071058982
-3257.9444577295217
-3256.5670324817356
-3258.3715098572306
-3257.1681869104204
-3257.2382979256395
-3256.9604556384934
-3256.534547991307
-3257.3286654218314
-3257.058181818343
-3257.3182960750873
-3258.2651905417556
-3257.948665080575
-3257.2739544795977
-3256.59942209769
-3256.258854484442
-3257.6482828466374
-3256.4407264285887
-3256.3470769442893
-3256.9086794511013
-3256.8545897916574
-3256.926225851511
-3257.123578065013
-3257.268573865936
-3256.216810782744
-3256.8733408384123
-3257.071936375289
-3256.9559519979744
-3256.017207380362
-3256.408592926718
-3257.1083822914293
-3257.842302550131
-3256.3840730925995
-3256.6588361585787
-3256.42428773848
-3256.902765127874
-3256.5127544742445
-3257.9868435084913
-3257.41289860579
-3257.0312115356564
-3256.789386082651
-3258.6728997235955
-3257.0745315608733
-3257.3673532468933
-3257.642974366689
-3257.0789840272855
-3257.1958646968124
-3258.472525160082
-3257.6846940730425
-3258.593188245041
-3258.1331290009425
-3258.3581287819106
-3257.1120440642176
-3257.202151217179
-3256.7333957240894
-3256.6544964357013
-3256.126995414304
-3257.2865909857273
-3258.354827501576
-3256.858240744739
-3257.751412778578
-3258.567191114526
-3256.880432763574
-3257.4410669109325
-3257.978437550864
-3258.084490456275
-3257.419648738531
-3256.552210051404
-3256.668899708857
-3257.9751519380707
-3256.3387919401525
-3257.063438702153
-3258.0735916923827
-3258.060404942157
-3257.496503343693
-3256.8366608284764
-3256.972381506399
-3258.597752340954
-3256.8951681997833
-3256.6267656622576
-3256.886279659624
-3258.4012487377317
-3256.7936511535495
-3256.5961973021463
-3257.914158762448
-3256.5667110332224
-3256.841591216068
-3256.683659175843
-3256.2465806803325
-3256.1550405731678
-3256.179128632355
-3257.328621138346
-3256.05747153239
-3257.5201116618955
-3257.1382485232534
-3257.485586455238
-3257.5007217901943
-3256.403890775263
-3257.744589107507
-3256.9301600867675
-3257.710040081894
-3256.7328288761123
-3256.702412594068
-3256.924392711177
-3256.060155539336
-3257.3730393329397
-3256.2626452232475
-3256.9537984831854
-3256.0779024953954
-3256.3192703527443
-3256.771136314877
-3256.9094106237135
-3257.714302352428
-3258.035010038708
-3256.8513689766105
-3256.464520064393
-3256.6624836758106
-3257.6239425609347
-3257.021231703659
-3256.5416155403673
-3256.5741156307486
-3256.483231685168
-3256.8914252698205
-3256.783854382994
-3257.127959521542
-3257.6351253884945
-3255.947623602356
-3256.107685826754
-3257.1350037117604
-3256.4424016496064
-3255.9563876897914
-3257.6841643328735
-3256.4831149136476
-3257.8377482416454
-3257.424881891446
-3256.132354158704
-3256.5944560709145
-3258.4930733716915
-3256.635679769187
-3257.56456623957
-3256.5867985715686
-3256.5581798658877
-3257.118752096003
-3257.8902736978544
-3257.8260686920107
-3256.965990348231
-3257.699229315501
-3257.431012234031
-3258.3477851382945
-3257.397338675278
-3259.519554325788
-3257.804454659396
-3257.725301349835
-3258.820486578227
-3257.5417825482295
-3258.8586524069765
-3258.200043967049
-3258.7230966563156
-3257.472247849126
-3257.2958401644382
-3257.5386243508437
-3258.268505344458
-3258.094774007576
-3259.0245362719093
-3259.065248654297
-3258.2870099480197
-3257.6985141354085
-3258.2462750777395
-3258.675758261741
-3257.644724027429
-3259.2898762217637
-3257.527123091127
-3258.6863050274355
-3257.1292171140644
-3258.423243281212
-3257.358233492779
-3258.736938540527
-3258.221969871784
-3257.9520550667157
-3258.1810686156036
-3257.9628160514358
-3257.307933531202
-3259.1951785933816
-3257.5058645999975
-3257.6502018333995
-3257.8713434072256
-3258.5261498681893
-3258.3080724899514
-3258.444413147594
-3257.5965110873613
-3257.6219231998043
-3258.189890912165
-3259.0638112168413
-3259.127044680425
-3258.7562246549405
-3257.8266250058355
-3258.949188480994
-3258.0403085862145
-3257.1332968146817
-3259.2422482384713
-3257.586925677197
-3258.458689856741
-3259.5049867792145
-3257.8107333330136
-3258.113310709515
-3258.2317830754673
-3258.830270404807
-3257.8565067084737
-3258.3913861962433
-3259.0373739594825
-3258.0221487202803
-3257.771321165702
-3259.320270945892
-3259.3787007829824
-3258.736848085023
-3259.3740158968317
-3259.4596043980873
-3256.9846952721155
-3258.105384245522
-3257.957512570568
-3258.5963260193976
-3258.89215104945
-3258.517120637488
-3257.4019446329057
-3257.7751372337543
-3258.7450213445923
-3259.312712640962
-3257.842014842834
-3257.898820643657
-3259.290266170678
-3258.411235925708
-3258.248818665001
-3257.857732695833
-3258.3314627696654
-3258.092957953243
-3257.4705075436873
-3258.882781758827
-3257.850295599885
-3259.0685968630787
-3258.264815445638
-3258.2072159591007
-3258.3412499951687
-3258.5224029788424
-3257.9459760690875
-3258.79909603943
-3258.2623257298196
-3258.263688511445
-3259.525817991545
-3257.611417574158
-3257.858772647066
-3257.562642260961
-3257.211313241434
-3258.886207799571
-3257.7717527443224
-3258.9965029293307
-3258.516024919631
-3258.9470221571223
-3258.05262603967
-3259.204275259318
-3257.9927443626575
-3258.6598305836196
-3257.8750887288434
-3259.0608359906623
-3259.237798592467
-3258.0057228764877
-3258.626590737782
-3259.1401728128308
-3257.947249254321
-3257.8449705289627
-3258.083213359715
-3257.5015475313744
-3257.6893994939824
-3257.739678634614
-3258.03883922345
-3258.712443723169
-3259.805442237303
-3258.263313790855
-3257.877232035678
-3258.1609034069697
-3258.1859618164885
-3258.207801331124
-3259.050487227373
-3259.1989607968
-3258.3331819726104
-3257.637580842873
-3259.299537621971
-3258.2265481342356
-3259.179376158843
-3259.1107497596045
-3258.129823480345
-3258.9892335859076
-3259.4162993030077
-3259.324241826192
-3257.841836953733
-3257.801571869206
-3258.993648604314
-3258.6241479505507
-3257.676089754396
-3256.99026123405
-3257.151321753536
-3258.2648712406562
-3258.833869584217
-3257.093833437269
-3258.844895117809
-3257.5735484805905
-3257.7801180780534
-3257.9870619380863
-3258.7061535743055
-3257.725417569043
-3259.0744804603673
-3256.9507576431
-3258.9575625626376
-3257.6405580068113
-3257.7656484553436
-3257.9096558137676
-3257.902024442823
-3259.030552392638
-3257.896063815374
-3259.2582814869106
-3257.496604105287
-3258.1555111832317
-3257.5345346223426
-3258.736492812922
-3258.1075035975755
-3257.8061189233767
-3259.3841819665977
-3258.5845788670813
-3258.5261572004506
-3257.2370762314536
-3258.1404698891643
-3257.9204910541557
-3258.0309730369013
-3257.6136258279325
-3258.583706692736
-3257.9707472772548
-3257.902298912458
-3257.857447364272
-3257.929609858061
-3257.511702791688
-3258.350387042908
-3257.4004849638027
-3257.93092038841
-3258.722434018627
-3258.8500170402835
-3257.721712831192
-3259.298137504938
-3258.2323511465
-3258.6677150135347
-3304.860973176158
-3350.5714966820397
-3309.103880665889
-3303.574028241391
-3331.239735456919
-3297.3531130347405
-3310.138108918568
-3311.45033670945
-3303.2103498604415
-3309.6661029850784
-3297.3106198683527
-3324.385726441165
-3308.847936732867
-3316.345787441602
-3302.6452107588
-3308.5451659312926
-3290.0935100589368
-3289.7699652825504
-3303.1953953114676
-3302.0089726623432
-3303.4460118612765
-3289.744997552756
-3309.209066117064
-3317.346398170669
-3289.200994516373
-3322.480846088494
-3315.737738618288
-3289.9113646546953
-3322.544324726982
-3330.2997633850828
-3296.4251789716113
-3309.323291638608
-3337.6880225037507
-3288.818731134459
-3291.3584067145493
-3317.0185374932016
-3329.473447782042
-3290.775769153437
-3322.479025063962
-3310.2365061314235
-3303.9279239558687
-3303.0451947742404
-3303.488751764231
-3310.9785578554283
-3290.704677180495
-3322.842265090205
-3322.8579452819095
-3303.5327203842626
-3311.077276630699
-3295.5575707052
-3317.4638297345045
-3285.8317804157246
-3330.0361572425454
-3315.243191568028
-3317.1105372067336
-3304.8021827018097
-3322.3337626767293
-3285.4612090995024
-3303.35246421427
-3289.109652990307
-3292.3593536248313
-3298.3560165641547
-3317.896626085713
-3316.4856044329954
-3303.1165853414086
-3297.233603193309
-3289.3891940196204
-3304.4057140097393
-3296.7215447733606
-3289.8400639457914
-3291.967320854737
-3297.6671803999293
-3297.167185159463
-3289.8131248599316
-3308.7938476079876
-3302.8596934156467
-3309.3293361089627
-3290.141239418055
-3277.8042989830633
-3303.357333869229
-3284.4384976011775
-3303.453746620987
-3303.4899804085335
-3318.256287106185
-3283.2295868559463
-3311.634397378991
-3311.334765920548
-3309.289591919616
-3316.106558039628
-3298.03973374718
-3291.876373835454
-3298.194288744344
-3305.0345906429197
-3297.009122829006
-3309.6130263115215
-3303.1374309681173
-3291.7011063248437
-3304.3544786319517
-3310.1726262332436
-3290.8027368365792
-3322.798801174145
-3291.131199640818
-3284.8080547593563
-3316.5073264394273
-3315.9996978112
-3302.69438144752
-3303.746293424793
-3301.67117257649
-3297.9594147207245
-3283.7323573605113
-3309.2747161669963
-3291.0811023764268
-3303.6527462225727
-3285.46826833713
-3317.0961521342942
-3302.4088885026904
-3310.8438549747298
-3302.955034962936
-3289.7455076997226
-3295.374137399601
-3290.5135377143065
-3290.7161704946207
-3296.3570731485775
-3302.299450250321
-3304.8583341003928
-3329.596295807465
-3321.107467347652
-3322.486352123968
-3304.347162248567
-3297.858510892936
-3296.2573438904947
-3289.9711805548413
-3303.655456864903
-3296.921907753451
-3295.973631651465
-3290.7188828526178
-3277.2013627430565
-3296.695063333343
-3304.106197543833
-3296.8260109963476
-3323.097360241735
-3303.618680281377
-3283.2783377787496
-3310.7265877062086
-3304.3887948029424
-3290.285117959164
-3323.2213498010356
-3291.39062527042
-3310.086638117179
-3290.0073287853124
-3329.491459366386
-3296.5440200908174
-3302.7242745074172
-3310.2562269440555
-3282.4642380114205
-3289.714877116667
-3302.624995026098
-3324.286723657756
-3303.696862877651
-3316.2580757212886
-3304.369488836742
-3315.4544862342345
-3316.3633711642537
-3321.670418296435
-3310.664346690212
-3302.9853652297875
-3290.910307761293
-3310.860501588608
-3324.1485889792434
-3329.213888378279
-3305.4553112980607
-3283.121774609459
-3296.3349833707457
-3296.924137191782
-3308.6693964544756
-3302.9152670683716
-3296.0708663417863
-3302.394005999386
-3290.6531007612543
-3296.4356238364026
-3304.9202962789154
-3296.0595478869664
-3322.152105710513
-3309.4889919305233
-3323.9927008434142
-3283.3777416604576
-3291.6414454021206
-3277.9242550928884
-3317.7591759796433
-3329.8806242812925
-3296.430891753734
-3303.783322131725
-3283.89512522987
-3298.3855359882214
-3328.1025170769326
-3289.3761975220546
-3271.452676431398
-3297.3854498670153
-3289.2526819878535
-3310.0670859330276
-3308.7071569817635
-3407.6857955461583
-3574.5623427509886
-3287.8010419740867
-3431.736250455436
-3226.1246333101967
-4752.801684378335
-3412.783441106088
-3775.827471215343
-3458.1808480015216
-3444.8254683603354
-4492.816938065492
-3321.6182045681735
-4269.236166779074
-3731.7698017352113
-3240.5029614304713
-3428.3721298705377
-3495.4921252397817
-4023.934967264167
-3656.3958236120743
-3387.1235106412096
-3928.765895465303
-3462.779196747521
-3476.0899826647174
-3501.4237801868117
-3380.1647306139084
-4109.64904457985
-3278.5570950889796
-3269.889508445308
-3313.147351689757
-3549.3006430869455
-3380.333341271847
-4357.809804454579
-3639.192390272751
-3415.368970097375
-3357.6083505305005
-4539.698637082592
-3494.8120593917442
-3618.129820613534
-4223.410413966399
-3831.0882088819035
-4512.873577917421
-3336.9850923860663
-3653.0007468349204
-3753.942950934805
-3516.928027271277
-3533.5523578176108
-3301.2129328313663
-4028.565409560254
-3417.4967410802283
-4097.1341916227
-3539.190838455961
-4420.401831714486
-3894.2086376165266
-3389.6804792616417
-3906.2050547894482
-4307.638918581575
-4528.881251180821
-4403.794735055447
-3317.238431207766
-3555.0383492967662
-3852.7496809771937
-3325.8925719813383
-3847.674572599052
-3800.007324149357
-3802.1933744511234
-4491.344820647929
-3269.7480867514705
-3342.932830938008
-3379.007246881793
-3252.8474161107106
-3380.9835625819715
-3897.5062963474925
-3885.116518217673
-3495.4250963445375
-4398.365844602061
-3768.8834381823194
-3363.662324271741
-4470.308465214228
-3454.221175454336
-3407.536971689274
-3784.927338579548
-3363.927471396611
-3367.166820504668
-3374.6749267139016
-4145.939663247705
-3471.7330752054318
-3590.661000777017
-3215.1109903665183
-3408.809616326835
-3547.38762946434
-3441.7953751541704
-3299.330282489863
-3462.2387373385495
-3331.2925287508338
-3994.5728280847707
-3535.67505477438
-3441.481377197945
-3432.975172607114
-4562.95405167483
-3474.778619287701
-3259.2744469833165
-3545.8630891837793
-3634.382418122644
-3666.211043937213
-3984.357782206639
-3424.01467685094
-3264.3035030926544
-4158.807565816203
-3288.686799268632
-3508.9366955727796
-3213.797791026288
-3559.156203602175
-3288.634900590225
-3555.124766788349
-4201.281788570848
-3229.95263034955
-3735.0118811789935
-4005.5990434382993
-3563.521944484067
-3390.948106599803
-3896.453989405956
-3941.8597920493653
-3228.5572866532125
-4539.567495738728
-3537.122384353206
-4090.9958927112475
-3297.3465831614026
-4604.056476148186
-3445.5227356463065
-3657.906688310706
-3410.7119244368523
-3426.735177434706
-3259.888714222978
-3500.303482303017
-4383.757132222106
-4047.6415572018195
-3323.1114653136765
-3790.4535332309697
-4348.400468570914
-3623.305145877659
-3416.909638959547
-3456.069969914675
-3890.1081339823204
-3389.2700626430224
-4115.72316808552
-3501.1123215464554
-3811.5273340567132
-3533.4470227967986
-3978.434678399247
-3442.84231344926
-3314.0943553996663
-3657.346522029755
-3916.839980077768
-4138.3182572845335
-3926.619689126981
-3479.772872586432
-3581.6444642870533
-3403.8309010627854
-3434.375206367593
-3491.820403676457
-3722.8092739025087
-3255.431198535697
-4366.961458511472
-3584.0986140850696
-4350.416077496819
-3221.3783602134085
-3428.6676326575
-4726.829382178143
-3494.922588919176
-3433.0253704028673
-4094.483155281503
-3361.5423214520565
-4166.317016111182
-3304.8789991588183
-3822.6298900192583
-3589.569560555182
-3291.4684896082636
-4682.409012404445
-3174.8704586879353
-3970.61327017995
-3460.929481182686
-3368.066799661713
-3982.4599404712476
-3391.8508567435097
-3222.4971257992547
-4045.1271738086775
-3178.2067857780053
-3867.6500759750115
-3446.6843292166595
-3413.8248492354514
-3394.1679850368178
-3613.125027165833
-3717.932182834246
-4151.854547116472
-3870.041288191677
-3512.733140151825
-3555.316348065599
-3993.9164567096477
-4210.597051681157
-3741.926953136551
-3564.6584689151264
-3661.631966055949
-3756.8581875961413
-3752.1887253640907
-3584.479703054166
-3718.000528631456
-3734.253133738425
-3637.62130307573
-3392.6855703407164
-3826.609477019298
-3665.8534280563276
-3641.7482679983195
-3732.1686514005787
-3460.4807118956232
-3780.1988960440294
-3667.304642183828
-3670.0558201146437
-3691.326506028859
-3564.9968394672865
-3610.7870181176577
-3666.6659866185782
-3592.5797994113027
-3740.3135384548236
-3640.1866008134534
-3586.633121189498
-3828.719268952077
-3503.6351878698592
-3682.153167704739
-3779.441704143529
-3619.9218307120605
-3550.4454322146407
-3735.2630485268755
-3873.6623483221692
-3554.936140663022
-3616.2674838657163
-3653.9423060650975
-3526.9490933131033
-3636.3558909157
-3621.0263046334107
-3550.6040328401077
-3503.466422242812
-3668.653569840111
-3648.82471857341
-3504.8504581535885
-3790.004548904637
-3619.4840318646484
-3626.4710150942656
-3646.850817752628
-3697.4909001856986
-3548.307515331915
-3662.9341622533566
-3782.558344234695
-3532.9846423164267
-3846.51742686463
-3577.47462342989
-3648.0071486136085
-3467.1648058400024
-3705.8279753735787
-3426.3571753040474
-3853.643210660073
-3532.392285313531
-3629.4926993658787
-3545.364863592965
-3738.5769962024906
-3765.4375189469074
-3571.1612664491363
-3741.0190882421834
-3458.2073540358174
-3809.3876085313755
-3645.624078201566
-3686.340405736429
-3635.573467365643
-3828.9830749073917
-3753.1195387568864
-3661.32132549301
-3691.6265716244056
-3722.17778154864
-3610.415322870733
-3755.316343306856
-3559.4208352464148
-3740.1992900362793
-3669.0260656120186
-3809.3897582633476
-3670.4708615526542
-3482.772494194064
-3767.0021452262226
-3552.814326234845
-3773.4471422231823
-3680.491559699519
-3735.621965926514
-3636.195073725827
-3549.718561797677
-3619.208388709637
-3591.712559641506
-3809.3226899051756
-3517.488706400616
-3896.989886346526
-3719.3328740835286
-3588.060742689754
-3627.2220159708154
-3779.2418733990194
-3584.1228395209587
-3501.372586282084
-3909.9324136615123
-3473.2705545444283
-3754.204364576883
-3748.3403911142136
-3603.3792386343725
-3812.5348057179663
-3454.8499819689623
-3647.691463530982
-3664.9050730605873
-3778.0650312505195
-3814.19583016309
-3765.69858191825
-3749.9710814843047
-3440.25010040544
-3615.4526451085894
-3567.216261517177
-3715.831646827551
-3752.7786808115907
-3602.451639748583
-3687.1642200695906
-3704.290227444174
-3699.789401836339
-3997.9824091555242
-3951.4344074633905
-3648.6546349517503
-3802.8444131170936
-3560.1481294860478
-3523.291718330225
-3735.8432390344547
-3431.8352223628576
-3716.6139210138367
-3674.675344309053
-3689.31725324073
-3855.6944715208924
-3885.870031344449
-3716.244336179134
-3584.7672401912546
-3636.3665470415835
-3643.5102471140644
-3883.946072023437
-3579.2530050498094
-4104.871680427537
-3705.9908486894433
-3442.476785563527
-3692.170195234747
-3556.4647673652194
-3921.719017381802
-3777.8030107241543
-3767.348657898155
-3877.094207261528
-3760.4138149918176
-3583.123080616477
-3723.9053265555917
-3606.253291461306
-3497.833650527102
-3890.3196370171977
-3557.253380397459
-3574.85290103795
-3803.4315557955506
-3582.3009049079087
-3536.4390170582587
-3735.6313207358608
-3728.489446831524
-3699.786413122675
-3818.3199096007784
-3563.464140903662
-3666.24739989555
-3641.4824925500725
-3882.6167925022028
-3854.4423626037374
-3869.7702506857736
-3893.952965271793
-3531.682527991491
-3519.5079702935163
-3736.815064143274
-3665.6835372897417
-3748.030130446114
-3737.3996436790426
-3625.593949469228
-3616.8484780249714
-3831.310069707936
-3488.230136005461
-3655.9401425915607
-3701.4618806991166
-3530.8677878997755
-3698.8761941969033
-3903.1933782563847
-4023.1028754510526
-3691.0592034944957
-3716.6194548394656
-3508.378230430665
-3623.8690043773413
-3739.8292543138464
-3502.051503326723
-3748.06065452397
-3675.7850555583673
-3192.1482391817813
-3194.895116273301
-3175.7202730794215
-3182.123530194963
-3176.5599183752383
-3192.5394104726424
-3162.7874524468357
-3181.9691688355224
-3180.6317732257967
-3159.9649225406424
-3182.9743231521716
-3179.548534512777
-3194.677229158314
-3161.928349699699
-3186.5118076833724
-3177.6474040503913
-3164.312659974467
-3163.3078306479565
-3207.5536806410755
-3148.3017604679444
-3172.915355838633
-3168.3616281308764
-3195.259593943034
-3183.7091206233085
-3178.826140248895
-3180.7701955502885
-3166.7217445262777
-3182.56254562736
-3167.422612369297
-3162.5360130303557
-3169.397577919184
-3175.1615044317005
-3175.1482595422576
-3174.1918976273505
-3185.699311051098
-3203.2383412235517
-3168.0940256480326
-3181.1550158953196
-3184.5937413230026
-3177.6574160638006
-3174.0182372426584
-3175.494323038356
-3196.95221985979
-3201.685654896887
-3206.4192176516763
-3186.845728341137
-3163.3858262636954
-3171.390010832181
-3168.289671860219
-3190.266758691751
-3209.84565966388
-3185.4042531215996
-3200.1118522569986
-3208.6250391908484
-3184.590701006681
-3173.7736814339505
-3207.2228561599286
-3159.8829784284976
-3177.1823451457763
-3176.8857774937546
-3155.2004015238945
-3167.0365037148167
-3198.19070515448
-3165.607326670986
-3185.9596620025045
-3196.963806769646
-3199.128985859495
-3195.8013286937357
-3170.716070518908
-3181.7683144664916
-3173.644215707233
-3163.111584189287
-3158.893697823694
-3170.4655313010826
-3177.1821231794775
-3175.8455247689976
-3182.3393445829047
-3183.48498751024
-3234.0556294446233
-3165.2315799034227
-3159.1450728063255
-3177.2910285769462
-3154.6378577186783
-3169.6983148306326
-3179.2326502447795
-3153.792529002623
-3171.655602085357
-3182.610522167998
-3180.9896251263276
-3178.3660399991572
-3201.6423517529993
-3188.5371890630063
-3180.9236681295147
-3164.333588308316
-3164.1194270173983
-3175.0030711326176
-3176.4199958713334
-3179.432886396333
-3201.9892901809753
-3198.6636182538
-3190.6268813534634
-3189.0971371402775
-3207.3920787264215
-3216.815149763208
-3190.0030752405128
-3213.67373247848
-3164.3458725658643
-3169.3274809758327
-3176.242093806433
-3166.4829821546987
-3193.0653664492365
-3193.003620242241
-3203.0572452627252
-3193.0114571408662
-3166.3033832660785
-3196.2014784854964
-3183.270788886945
-3167.7430525713953
-3178.05626661261
-3181.0345467964707
-3168.4774049552643
-3174.965569814096
-3177.8722937586763
-3189.5609007190988
-3168.0039219584532
-3179.2058359007046
-3181.598119258498
-3168.9476050585063
-3184.731460843366
-3169.891749772321
-3158.6030714098324
-3196.395006706562
-3180.2945145716935
-3188.9894553194076
-3168.279789984488
-3195.2710372108522
-3172.5255503798085
-3175.0631703643644
-3188.8397246051386
-3192.818832887805
-3189.5883696080687
-3183.4854355623143
-3186.116648192411
-3176.778655593835
-3198.4978578913187
-3163.4266473469947
-3167.0503977146336
-3179.596766073907
-3177.4870959351583
-3181.094346436867
-3162.921626423267
-3225.65326530362
-3198.700600419145
-3179.238136501203
-3170.9202080984996
-3176.4513325068933
-3179.0350269824417
-3171.824333210773
-3173.000197316957
-3183.564709662774
-3176.3749535277825
-3181.6307860349307
-3182.4067103226157
-3203.355775432705
-3163.323316877627
-3190.222253439238
-3199.8831240405743
-3179.3780573884346
-3166.0649169766557
-3167.130853739268
-3177.8439561582263
-3204.3277927170043
-3162.5369028203017
-3182.068108072477
-3170.353307591173
-3184.497969478136
-3167.2653373784556
-3164.816600156648
-3189.7312844723856
-3165.2425171172335
-3161.1800826951553
-3223.9276918678624
-3204.176747423812
-3169.878109420988
-3164.2294574914768
-3169.3313067676195
-3173.0353981575136
-3175.280962007211
-3178.632120349966
-3166.4968360824732
-3171.919482055321
-3163.054575523938
-3182.1646906590004
-3154.852310748218
-3196.0690312979445
-3231.306520961593
-3280.255103669633
-3239.3356179308585
-3262.9733895062855
-3239.870038383024
-3747.358176591802
-3668.2818889058776
-3584.1571631569655
-3580.4584385235325
-3810.8020495430574
-3718.817095828472
-3710.3756728555236
-3775.1286931840696
-3744.994747457984
-3651.3916470673867
-3691.1691378762594
-3773.8433746223445
-3795.887055924486
-3743.8938892694496
-3719.5652742092175
-3631.8456748096087
-3678.905482494545
-3684.856410528814
-3655.9223534359508
-3525.313562907038
-3652.4620231032122
-3559.9239468772826
-3794.5700124101363
-3683.9299959755767
-3630.202524907652
-3584.357952956492
-3687.2988893759757
-3599.8665868157714
-3691.1637942854727
-3737.1758855965268
-3564.733077257108
-3677.1627737097124
-3561.024173864866
-3707.720940836264
-3573.590730711277
-3609.2201558416323
-3746.2991823514194
-3795.355704140529
-3755.1225789423756
-3594.3933475743825
-3737.6983304335786
-3524.1254185762327
-3588.535757250695
-3659.742059194311
-3710.9088195722516
-3600.9743990202687
-3709.6394408079996
-3640.9926646437957
-3687.931183315868
-3798.6330068017824
-3569.023441127943
-3576.5360010846252
-3652.190174625012
-3705.4014584462043
-3689.5759831845094
-3640.3147150749523
-3646.9448018172993
-3652.202089934223
-3591.4371622392196
-3723.972874008792
-3713.7667397484547
-3706.3398509760627
-3687.247461350802
-3625.2082613629227
-3643.7206206960127
-3709.0692807447767
-3657.9735073070988
-3734.439376746827
-3630.4847331600067
-3681.710137944209
-3674.6832436191335
-3696.7788864970116
-3690.0316699058426
-3581.849002791067
-3748.5182261573527
-3744.2859352430405
-3627.5979221771277
-3751.630011745071
-3811.6076372344514
-3740.100711472524
-3561.225539675248
-3740.1606581199367
-3640.9330601780803
-3560.078032445597
-3609.061188620575
-3712.744404855146
-3555.8671417593328
-3640.2534527617054
-3579.852286258547
-3656.8029753349374
-3724.077479116192
-3694.1837156975616
-3627.4930595396986
-3764.419823720469
-3714.4515713160054
-3614.9633742277874
-3862.290321225181
-3705.992149151803
-3627.169390543465
-3624.202688157821
-3722.6135312374086
-3757.0549509115795
-3551.441587293332
-3585.495799201844
-3665.108198574013
-3649.522036363596
-3721.0705195467885
-3636.3538368108034
-3587.4372353880353
-3637.9592313360963
-3616.340494577509
-3794.710438251748
-3634.5982350894133
-3693.1469742776926
-3606.744824124178
-3786.0504334586003
-3653.169201628564
-3666.135705082018
-3593.643808740979
-3691.1664716268533
-3603.414017146136
-3726.887163655623
-3767.008259099827
-3685.4382784121703
-3549.4111190542667
-3677.847453127147
-3546.6818868019873
-3563.0241155523677
-3714.18365404736
-3623.417120948136
-3717.998539203183
-3683.038591166136
-3711.5577113806125
-3814.958463642496
-3636.180457279913
-3562.7676899930466
-3602.9381398952873
-3527.3356090539246
-3563.906399890413
-3721.9229070061133
-3693.8838098633296
-3752.23397560971
-3632.0295187235606
-3723.313943169712
-3732.7547849396965
-3616.6863073052964
-3673.7510849010255
-3738.3757177837874
-3597.853123370348
-3572.164264404415
-3599.7130365491694
-3644.9293104107046
-3633.678444274069
-3660.804740048048
-3644.1076076807562
-3642.082815038031
-3632.25602001538
-3631.1173780789272
-3535.9512981926273
-3662.3241234233233
-3689.5832141364663
-3644.8101844505914
-3762.858408320135
-3775.8437092704976
-3659.333070194083
-3733.8038408211532
-3598.125473003489
-3676.8149381090225
-3667.0660558505965
-3602.1845539859105
-3646.8953541292994
-3534.0909310016254
-3609.3245292983415
-3620.028275513499
-3645.274679985348
-3688.201618356168
-3734.560364817595
-3759.1483207059005
-3771.317738833611
-3711.646711415023
-3578.4070581607575
-3661.759040645
-3673.620977374479
-3720.581200620713
-3737.3387796200177
-3599.642627730587
-3625.2608135824753
-3845.1722545441203
-3589.236705264177
-3691.716736750784
-3690.0858322415475
-3737.313391836337
-3638.9250216583737
-3661.4377614136924
-3643.217407896348
-3609.4875487957856
-3623.985504612229
-3625.735424428517
-3651.621485534357
-3654.0156143271124
-3224.589012111658
-3273.327686173006
-3238.0140345872433
-3202.747064764038
-3286.122908555182
-3196.5316948835657
-3214.1446949681476
-3211.073518768068
-3213.174305328688
-3170.533916790575
-3218.537830269592
-3322.065110777243
-3223.051180348962
-3233.4195412809922
-3201.9779065684943
-3203.4140100248214
-3183.6120389518715
-3220.4999321666287
-3282.4121610203624
-3205.7242034826763
-3235.7667714815097
-3200.441440280085
-3193.7723925039445
-3252.6240300269133
-3192.210397273401
-3227.523405748793
-3209.622917701059
-3210.133119546885
-3226.4048497067915
-3296.7589903695202
-3178.5178106019453
-3216.3632783566
-3252.951968371873
-3190.9042066787115
-3202.703009112428
-3242.6488132179607
-3231.1877152881957
-3202.481363862481
-3253.6333772696153
-3212.190632458481
-3213.254582161655
-3201.8491899453556
-3248.079140261786
-3245.218256966159
-3204.010490128297
-3210.8292270902207
-3251.8425852043606
-3201.5663654454243
-3309.1600834105247
-3160.357882905429
-3212.024474923848
-3202.1145969729882
-3289.8652243020415
-3242.7425868174123
-3219.7507518462926
-3234.1258453073165
-3206.526475123969
-3202.6480145600744
-3195.883323483653
-3188.295683688141
-3205.356473702263
-3227.1467718342487
-3229.125323823397
-3221.3395747365216
-3216.5244888875
-3201.143155815556
-3191.4915729171425
-3216.608439357623
-3200.0186901158227
-3195.616892615779
-3260.496009048359
-3205.922544732242
-3219.737669950607
-3197.8708676379774
-3213.5217114638936
-3230.9613911075608
-3233.373711243805
-3201.8280751778325
-3170.15313589703
-3193.919755638647
-3165.8618379302725
-3166.899991919412
-3237.5414559575
-3220.13512085103
-3186.1506341248573
-3237.7897030566214
-3223.4149820337084
-3193.6334464898373
-3235.4573457778247
-3203.3655058376207
-3225.840222045232
-3281.313171002198
-3230.0340064597203
-3210.6824342885693
-3216.3932058074624
-3239.8059937560515
-3197.070029864863
-3218.5075104557245
-3215.025278241415
-3200.4163394575753
-3247.1124817055393
-3212.438249061912
-3186.0855486963856
-3246.152660091534
-3219.081219163666
-3226.598359121208
-3224.0016787635486
-3185.5085899646747
-3222.2506439297263
-3259.3706548585337
-3204.687404299318
-3211.53986138241
-3236.6744807052964
-3257.400145871361
-3247.0166335087206
-3242.4938054155705
-3242.4424252682793
-3214.9104500684257
-3201.5523487616892
-3204.3919126646488
-3183.45578235784
-3195.6307633328915
-3213.7370871617004
-3187.542941479618
-3212.6640899337394
-3240.682122219103
-3214.132907186039
-3253.971769044895
-3199.7790924341975
-3281.378875925885
-3196.7836260784084
-3168.2450428064503
-3191.8502738618895
-3202.4760385228838
-3177.867706322035
-3199.885880338822
-3247.5884042416833
-3198.057167287463
-3231.8947700607387
-3167.576733611656
-3226.542303062927
-3261.512971365179
-3201.1867975212353
-3265.21898531349
-3200.4620060211523
-3198.9739779212623
-3250.5170458497623
-3190.4234104633747
-3300.6586494420562
-3215.550198937526
-3240.2450951622905
-3214.231881854258
-3182.451020746217
-3208.670606101658
-3163.2557356955463
-3233.33818919199
-3231.5109240373595
-3240.12356671325
-3200.7915621347875
-3237.1558984117232
-3238.284930089519
-3217.239592616034
-3210.7691416725647
-3229.30871717008
-3220.300816932975
-3229.9844609728125
-3195.8587074465313
-3309.808077179143
-3248.879091595925
-3225.9259259282608
-3232.8338078456545
-3204.90250306331
-3190.475948781062
-3200.736060902264
-3218.450393596605
-3214.5332490721553
-3193.1990032057793
-3190.6792453981184
-3197.846236404997
-3191.2391659385935
-3206.985880669358
-3223.304071590141
-3241.2115160863336
-3229.420760016666
-3242.930290761316
-3211.360620912381
-3216.279280970466
-3202.798723161416
-3300.6269434281157
-3254.5467858931415
-3204.5024148921552
-3282.4932328248933
-3183.004274892646
-3198.093410771865
-3250.2002067423473
-3171.4575415674885
-3199.717601121013
-3268.7318931736295
-3170.2999053821463
-3188.555321507177
