-3250.0809238048055
-3260.949972387857
-3265.2093064313067
-3259.5736726785904
-3260.6885725515526
-3257.5561796875572
-3276.0529095112183
-3258.9025642793154
-3252.264833228066
-3257.414291402164
-3257.1922919836443
-3259.1803228892727
-3254.3933154713927
-3267.124636643663
-3265.9945824828683
-3260.066215394939
-3249.8764251157395
-3253.4505785723895
-3261.1647119700956
-3245.395898083043
-3255.0461243034683
-3256.7600637467267
-3252.862310923587
-3250.0706461076284
-3269.175258514148
-3244.935388734741
-3264.8027751008262
-3252.9831769647767
-3253.046834378504
-3250.539532421193
-3261.3721403730683
-3260.8832480347382
-3267.354391133856
-3250.418438938549
-3257.9572040810617
-3253.4453153814206
-3261.7877656739824
-3258.6073365176944
-3266.2798031612715
-3252.1494232358145
-3264.59577876556
-3263.4757990269095
-3259.807565020455
-3256.2722029778806
-3258.205418995496
-3267.2033549214498
-3265.813114948268
-3260.0137639685945
-3259.6416493612537
-3250.334336222866
-3264.164979925108
-3255.745188897421
-3270.9897320317414
-3258.757197909311
-3253.4250936316644
-3266.060096649295
-3268.370490669477
-3262.749126674936
-3265.4939490582374
-3262.9616579644835
-3256.771377936756
-3257.958449678764
-3254.8960637149667
-3260.5805394555705
-3266.3628152267106
-3252.8681958743623
-3263.6097842613676
-3260.2697179472702
-3255.272573436608
-3266.014290298804
-3251.87046617626
-3258.981950793262
-3263.707161527258
-3263.6228077936194
-3242.8452735643964
-3255.0429523292787
-3258.996670402147
-3249.4039265782244
-3262.0491770778326
-3256.101951229762
-3252.847357318771
-3258.554686727711
-3257.4841936596754
-3262.9293133691426
-3263.0442454193144
-3258.7686031439425
-3254.5666933514008
-3263.27486559559
-3247.4205736318663
-3254.2461664702037
-3256.000585147889
-3261.534143040354
-3259.4842372253715
-3257.5009356661144
-3255.749106747358
-3261.1411234858547
-3260.7044646611616
-3258.2800161706095
-3251.54322870242
-3260.5818012114046
-3256.801700434644
-3258.7205280184016
-3251.892171556914
-3260.8110835726984
-3263.790689747292
-3256.797778555575
-3254.9068032409746
-3260.5229226093898
-3265.3034565587272
-3243.1911947582084
-3261.2500237174213
-3252.54341903104
-3259.1818333127417
-3254.9857005623157
-3253.278871676987
-3261.8385308765646
-3255.9137515278594
-3265.0444019008487
-3256.924024621605
-3264.019915960411
-3262.4797025781486
-3255.9536655250067
-3261.124347558845
-3255.302031715826
-3264.5135354834238
-3260.7486235857755
-3257.245369801406
-3251.7146791577575
-3260.796431712809
-3250.3318471759812
-3264.554083228785
-3245.9571829379515
-3261.1323305412943
-3253.7435782739126
-3258.0998794517805
-3259.907140745251
-3265.770655570209
-3258.4118047676757
-3263.9329299082906
-3255.3283579419144
-3268.7983068519648
-3262.8264260931537
-3256.8661968956717
-3259.6621228287017
-3262.427008377548
-3257.482010958412
-3263.100196612533
-3257.871495397113
-3262.984690205661
-3260.775450340209
-3259.7308412986317
-3247.803814924818
-3266.8742610646254
-3263.9801800679866
-3266.8944560463215
-3256.120310294723
-3254.9039669028552
-3256.9465876946447
-3253.468639195794
-3264.2388631388626
-3253.545447825952
-3271.6592770857023
-3269.880704287141
-3261.4489164419197
-3258.478140932336
-3256.4291140599657
-3260.9212651137227
-3264.0622692736465
-3261.7839972800602
-3261.427161081474
-3260.537813155452
-3263.7277316416557
-3261.6469482285283
-3265.9436798645374
-3257.2569404387223
-3258.723933747816
-3255.0654158017264
-3260.624789183461
-3265.403228370585
-3252.335813841191
-3259.272912462127
-3259.69618658744
-3261.812844372293
-3256.3343689663234
-3256.790806022653
-3253.482468469401
-3262.157033161041
-3253.3009064403877
-3256.7096986524934
-3265.5574806502386
-3261.911349752697
-3257.540610270255
-3268.7203315083425
-3247.9611809511853
-3258.905415465411
-3262.008525618773
-3260.7333572101156
-3254.722160289599
-3260.5559886488923
-3260.9659871048448
-3257.0842258878197
-3256.212205713319
-3259.654649963735
-3258.5516209839802
-3258.750804064303
-3256.6858860064735
-3258.629751399728
-3257.4147602461994
-3257.1670059825155
-3258.179422424384
-3260.5772477125984
-3259.337315668639
-3264.319491921063
-3258.8801459090528
-3258.4650272335643
-3259.570785616991
-3258.632922619067
-3257.4370189013894
-3260.063105184204
-3257.7914779815073
-3257.8105718751667
-3259.1976800142065
-3255.8502908377527
-3260.3338342536617
-3258.7234040718686
-3259.6209363837966
-3259.2882483371336
-3257.529120064017
-3257.6200543852538
-3261.851384931714
-3258.637575947955
-3259.558328733457
-3259.958030776157
-3258.6404227945563
-3255.1121382048923
-3258.5033671964607
-3257.2187269814053
-3261.544350877971
-3258.8304705834726
-3256.3046530963106
-3256.40387090821
-3255.0792511346144
-3258.4081159343295
-3258.970598486351
-3258.2266930153664
-3258.5912446858983
-3257.6747734851824
-3257.8954439733943
-3255.1711718010383
-3260.4416247779413
-3260.1421087057897
-3258.342406489732
-3260.622879506688
-3256.221496328993
-3261.46292026485
-3257.058782038231
-3258.642556552332
-3259.498049311578
-3256.482331446172
-3260.4934394805327
-3261.5057026245818
-3256.128495144013
-3259.418025170899
-3259.946261321398
-3257.8005758818126
-3256.594941734072
-3260.287418694112
-3259.2869622237076
-3256.524374503937
-3257.43547650993
-3254.1743237651694
-3260.7145075068415
-3261.385799862195
-3261.7486756558123
-3257.8163035383286
-3259.944941267992
-3258.3564465766717
-3258.1883962505217
-3259.952509038938
-3262.7398962497105
-3259.9183077428816
-3260.2098602328088
-3259.1553949998756
-3257.692138272589
-3256.8915469126086
-3257.157728971474
-3259.6320359707124
-3259.640489430888
-3262.0102600092614
-3264.1850522926034
-3260.4429947927733
-3259.732645948883
-3257.0514284164697
-3258.519036589432
-3255.14600533805
-3258.1417159618927
-3256.735459184006
-3263.6486063597604
-3259.5725230194603
-3258.5136860004786
-3256.9174121238802
-3259.441881079847
-3254.0368016064367
-3261.9631128090964
-3260.8890071248516
-3258.8217781729168
-3255.965923296534
-3260.901812000563
-3256.817593202593
-3259.3441756514867
-3253.50063911985
-3261.000319538477
-3258.7868804769605
-3260.1659640017297
-3259.085553221148
-3258.612296415439
-3260.6204757525006
-3257.16891916793
-3256.218222737902
-3259.772718232404
-3259.389471852355
-3260.9506909715647
-3259.8868694535995
-3262.548534696906
-3258.3062963253765
-3254.309658787077
-3264.736348387671
-3266.7706155124642
-3256.968394763609
-3257.391842820781
-3260.548820573734
-3255.988834268409
-3261.357746337999
-3259.446342712179
-3259.0631836102484
-3262.6719163132652
-3258.0017212347298
-3262.2554922283944
-3261.946194205958
-3258.014356682476
-3255.728999850575
-3259.354704076048
-3255.963810942745
-3261.08935962528
-3262.7824327158914
-3261.462129949973
-3258.6075093041754
-3254.3671998153645
-3260.091086109432
-3257.476248617179
-3260.3018217128442
-3256.202671136731
-3259.3828285109935
-3260.1899668709634
-3259.6403718898546
-3259.6423814607833
-3259.766663594263
-3257.3332686043827
-3255.2921711602035
-3262.2718283987974
-3259.12961777085
-3256.8570110484725
-3261.745744658856
-3257.747571364108
-3257.727415641415
-3259.1150078805877
-3259.925620052522
-3256.7737789295443
-3261.6160784948797
-3259.057390455014
-3261.4177297781957
-3257.6743316232005
-3260.282251930972
-3257.8835475986175
-3258.8338360635867
-3258.75631225693
-3258.7681738226097
-3257.5164010684025
-3259.1673740096185
-3256.806197353774
-3258.0433003487155
-3262.342363740573
-3255.120072577363
-3257.800372986269
-3260.230425425827
-3258.7300733027078
-3258.42567695765
-3264.0902037216347
-3258.184801479724
-3254.404025615269
-3260.5527631917244
-3264.513361745282
-3259.2912041777986
-3258.745046222286
-3254.154395728987
-3255.7385114899976
-3265.964658897312
-3254.150689584291
-3258.3250832581202
-3259.8392768913545
-3255.1190883686527
-3255.086189027701
-3255.1214344778377
-3255.6200546174055
-3260.9030632185804
-3255.129270864374
-3255.2596923595943
-3254.0210359333437
-3255.70221879677
-3254.6351457209603
-3255.359973744886
-3255.8295954656332
-3255.9111014503815
-3255.516998325183
-3256.4572801748395
-3256.590504606155
-3255.6587383468946
-3256.47455752251
-3253.560431048687
-3254.1413969491286
-3258.5112823558466
-3258.075449873532
-3255.787753996664
-3259.617114341795
-3254.9184390718583
-3255.52643740445
-3257.973049911473
-3253.9995917040756
-3256.3891940519047
-3255.8006227263522
-3256.578808499469
-3256.8598072151235
-3254.9874999840617
-3253.964827893443
-3255.0999365337693
-3254.825595749843
-3253.6345193742604
-3255.5964938326506
-3253.8400837423533
-3256.158856894481
-3255.8697893537706
-3260.2995333741965
-3255.3026449337995
-3253.0736131183558
-3256.5494088946334
-3255.9996201706585
-3256.5956823373267
-3255.371924592295
-3255.8004651464935
-3254.6599825105945
-3255.058138130719
-3254.803867884503
-3255.372953236203
-3257.0970355033655
-3254.2281983781495
-3255.3079347500934
-3256.8188072522835
-3257.1483327798896
-3255.985828126897
-3257.3952612661096
-3255.9626958321523
-3260.744036156547
-3257.658084755005
-3255.9639998542525
-3256.4961371415175
-3255.9273735077622
-3257.260890186088
-3257.4857929566615
-3254.775742119329
-3257.723948552522
-3253.4455260124814
-3254.419553632534
-3253.4222954909806
-3254.9128619200883
-3255.7565071469553
-3254.023610958063
-3255.7550180193866
-3258.6286282796405
-3256.9084948331915
-3258.2601191954923
-3256.7706940630933
-3258.02808390485
-3255.0539245295936
-3257.717433496583
-3256.835474488631
-3256.132300733011
-3258.170482934436
-3258.1767114505474
-3260.2202668531386
-3255.574108220932
-3256.2208694195247
-3256.4017946380695
-3257.287654305261
-3255.394021043621
-3260.0833427016473
-3259.626514364409
-3256.949252175683
-3261.0151929887
-3258.3364507576684
-3256.1071200483284
-3256.2104250351895
-3256.5680402598873
-3257.82728097183
-3255.226209331402
-3256.47241525449
-3256.1857345625526
-3256.6531546971196
-3256.3084694944223
-3256.719282423149
-3259.034870204348
-3256.137840746702
-3260.408631122617
-3258.8607741160454
-3257.017884478525
-3255.48232557541
-3256.158071719692
-3254.909373596686
-3256.112081163099
-3255.7119413670844
-3256.133388684787
-3256.876468055279
-3256.3641640085093
-3258.628342107976
-3255.874358127083
-3255.474305000263
-3254.671750267235
-3261.0108266349134
-3255.913683580288
-3254.6486058675027
-3255.7546453608747
-3254.5114851686617
-3256.908958082778
-3255.6559111190086
-3255.6457289251944
-3261.395199172706
-3256.28442762031
-3255.242069793551
-3260.020614652724
-3256.049745264659
-3255.766291418569
-3257.4296978827124
-3254.5591385867124
-3256.544909071784
-3256.5752799206102
-3255.186872268224
-3255.509180144569
-3254.52266565249
-3255.891051187259
-3256.155099318593
-3255.316145486373
-3255.4602432294296
-3256.0376629578527
-3255.6277585192506
-3256.526525455136
-3254.9397335538347
-3255.7155718877802
-3255.6929305249423
-3254.4902885260617
-3258.7894515959997
-3254.445560349464
-3255.760808632022
-3255.54568864144
-3256.1165726180543
-3255.1009435394426
-3254.7013620366347
-3257.6930078659166
-3257.128509830805
-3255.602194726944
-3259.1608226734184
-3255.51824714491
-3256.3120756445237
-3260.51200857122
-3259.548925317887
-3256.412873888843
-3256.938780080433
-3256.3953561622393
-3258.5843777735386
-3257.249000865212
-3257.2979693751463
-3258.1374340399598
-3255.25138930124
-3257.622717996716
-3256.0199915109865
-3255.8005742415703
-3256.8925020569372
-3255.285429775723
-3254.9051566209214
-3255.999887567627
-3257.2961036788165
-3255.7011452116253
-3255.3059033237414
-3255.718642594129
-3260.483469890563
-3255.4685035486123
-3256.194005393883
-3258.1409434491907
-3259.0577243493126
-3257.97081213592
-3263.725291281222
-3257.9841495773353
-3258.4640753707295
-3257.493091013638
-3257.5833237414076
-3258.916563163343
-3259.1476973067647
-3259.7656787245755
-3259.4401769813553
-3260.999647079339
-3260.265331640078
-3258.2429314320634
-3259.809125121306
-3259.4405286134274
-3260.817095041139
-3260.6318710369646
-3260.306289099892
-3256.884081951785
-3259.258885083677
-3259.7712776507547
-3259.474475610366
-3257.528324564494
-3257.214048164819
-3258.1021871527414
-3257.7700996417284
-3256.6275860569017
-3258.418744787629
-3258.1513137827947
-3263.279736901392
-3258.607124981329
-3259.7677908187143
-3258.251651108185
-3258.700973374173
-3257.4107247320176
-3259.2628100207985
-3258.575654772029
-3257.4846463302133
-3258.9982659408533
-3264.406526704764
-3258.8343107468395
-3258.802385338632
-3257.1908015914687
-3258.763990590935
-3256.925630144949
-3260.976946748307
-3258.8326257992826
-3257.451300131761
-3257.380395522457
-3259.257772892122
-3258.077257018853
-3259.9220048437073
-3258.074754572674
-3256.6984364830196
-3257.3779669339647
-3258.6397675921303
-3260.592836646281
-3258.2114163404754
-3257.211111190852
-3255.7998071694287
-3259.6027234645185
-3258.918540266953
-3260.414729786389
-3260.8141560763643
-3254.940199811587
-3256.1674631516935
-3258.2497851607627
-3260.50579824506
-3258.0805571905785
-3257.990087876498
-3260.100054158059
-3257.1409830398575
-3260.7702040064964
-3260.3356333495353
-3258.60819371675
-3258.539285860888
-3255.5753721615583
-3258.566133568393
-3260.085716088655
-3262.3728766019603
-3258.785811840692
-3259.236434417965
-3259.7709524331785
-3258.213947381378
-3260.13379012354
-3259.6955449309735
-3258.2946060880686
-3258.580621996828
-3259.618236376609
-3256.8708678269795
-3260.4355540800534
-3259.5413569882094
-3258.401934240678
-3259.6658236910125
-3256.9395023452557
-3258.1277061992514
-3260.0195155691163
-3261.2728355931895
-3260.9473315910022
-3258.689815015098
-3259.063730520003
-3261.16120197795
-3259.0130443151165
-3260.513591018283
-3264.232922929002
-3259.793440561652
-3257.739684402688
-3258.1425212316394
-3257.289136201092
-3259.186922131372
-3257.4542273824804
-3259.753773038528
-3258.7988245578117
-3258.0178255595974
-3258.9394048426234
-3260.118138094767
-3261.622775546403
-3257.8673618515236
-3258.8362503703875
-3256.529064231984
-3258.9547310586536
-3258.801632286058
-3259.5094314626144
-3258.7727749675764
-3263.63162385408
-3259.131886228328
-3257.707374679907
-3259.9498892933275
-3259.4835528090503
-3259.0063485350297
-3258.651231548219
-3258.6511358927332
-3257.398009171042
-3259.5104189727476
-3261.894041937487
-3259.3500743779523
-3259.3754844780324
-3258.913124345223
-3259.673828404341
-3259.4383999694023
-3257.5964223724595
-3256.684373434417
-3259.4037626097556
-3260.4616970469933
-3258.31647512656
-3258.668163512988
-3258.1316525087263
-3260.716391699062
-3261.722276707779
-3257.469680589128
-3257.8531417308627
-3258.76129736931
-3260.171079421605
-3255.2004502417667
-3258.8831966004755
-3256.5113694912357
-3259.789078245377
-3257.4975994277447
-3258.810148442286
-3258.862698818831
-3262.1192422924055
-3257.249119827997
-3257.5521003416093
-3259.7259543093514
-3258.4963666514423
-3258.5892254706832
-3259.9298661042826
-3258.2423734662043
-3258.8584861523755
-3259.943808694089
-3260.3088946435414
-3257.901114807408
-3261.848493079449
-3257.9555109616826
-3257.574728846277
-3260.8555611105044
-3257.9837223795457
-3258.296398557179
-3259.2393793895917
-3259.947485654
-3257.698278398428
-3258.214848742706
-3258.246111684359
-3258.399902097684
-3258.147436336495
-3258.5231560453935
-3256.722536325857
-3259.821693022304
-3261.127709083513
-3256.629548272795
-3259.2783560365215
-3261.582862848358
-3263.144745566889
-3260.1461539097113
-3258.339574451055
-3258.384592327541
-3261.6988349846583
-3257.6388759606925
-3257.510608404805
-3258.9373687631555
-3259.174022312483
-3257.82756239557
-3259.1331552066285
-3305.7630366237845
-3345.546994069836
-3308.1222434488486
-3297.1186154521897
-3323.9006394890325
-3289.8925832265495
-3305.989771122044
-3304.3978133507962
-3301.014501157907
-3304.398331161317
-3294.0403361009426
-3318.8984701511818
-3308.560193821481
-3312.6376728113614
-3303.8103455736614
-3306.6095565625687
-3286.5449971246426
-3288.8124450634828
-3298.914714146479
-3297.6869864867876
-3300.789735485407
-3286.724686928189
-3306.211174957865
-3313.6742435873157
-3289.1698048612157
-3316.36233115348
-3312.915455751354
-3282.1382074896296
-3314.9859486670384
-3324.148176406394
-3292.4022265852045
-3302.2879862735426
-3330.155826063285
-3289.223048403523
-3281.2425582431397
-3312.249193273933
-3323.6687242966777
-3286.82931535222
-3322.727883699311
-3306.853678980435
-3297.7775422064356
-3294.972978048757
-3298.85053744902
-3304.3071742737143
-3285.251323624139
-3318.1700715293077
-3323.7930643246996
-3298.8245734912434
-3306.484991506616
-3292.3283471698396
-3311.262982777442
-3278.7421269383353
-3325.7961499662883
-3314.4185373587884
-3310.873150152481
-3306.2744723524875
-3316.735246708436
-3286.3769770416416
-3295.102100860498
-3285.2030864096064
-3292.502161646068
-3290.288543255138
-3312.0244650044306
-3314.713783432065
-3300.451206828204
-3292.8524378678812
-3287.8559669597676
-3305.7461835670265
-3299.752399673407
-3286.3105148206114
-3284.4177765091654
-3297.7741191318664
-3295.3008245131487
-3282.8958520705974
-3305.2151633853305
-3301.685331719172
-3305.026712224337
-3288.2692959030946
-3270.2708211123963
-3300.0297202852266
-3276.0225132938326
-3299.2592964105447
-3300.6625181644376
-3310.591084214725
-3276.2442483843934
-3311.264831305936
-3307.2214541988988
-3305.693821610875
-3316.0205118078784
-3289.9356736227487
-3283.9725154320313
-3293.013528041131
-3305.012648172851
-3287.956612386532
-3305.242334845157
-3302.817971711609
-3284.823942729003
-3297.6750631737855
-3305.8231221595843
-3283.4349463363174
-3317.051190215017
-3288.799522071125
-3280.477812117193
-3316.971525850662
-3309.041748628357
-3296.7198183559485
-3304.061506635681
-3298.226168192934
-3298.693483596582
-3281.542177587841
-3305.6963786027836
-3292.278259466318
-3301.9947602273887
-3281.3265085914372
-3311.4750501199596
-3303.422298094635
-3307.4989430079654
-3298.0543652210717
-3287.6282170801856
-3296.805464878252
-3282.6913377587694
-3281.4295338513425
-3292.8421211790906
-3297.8248793157295
-3305.3178027567124
-3332.3427760437153
-3325.7404608764828
-3324.340712308873
-3298.1042140920745
-3294.6366019211464
-3288.6581657767647
-3285.370734223985
-3301.1226209648266
-3288.164256598971
-3290.044760784738
-3284.328283950069
-3271.5981908532517
-3290.6803730504384
-3304.6653434992177
-3293.827556662768
-3314.313866049617
-3299.12873420644
-3283.6427093229604
-3305.2693306843385
-3298.761171828653
-3286.4918450025757
-3326.032317186291
-3282.9561599132085
-3306.1527395603944
-3288.1220349742894
-3322.6197365769626
-3289.1203080171595
-3301.1147383465445
-3303.2296740232196
-3274.3000141348803
-3290.2535422303567
-3304.5556043576466
-3320.4076783486876
-3301.77737538439
-3314.036497610473
-3303.1270344370296
-3309.448870841413
-3311.2224483930986
-3316.0495700614565
-3305.228883167647
-3304.165594108915
-3286.151600731659
-3306.8985892749424
-3321.334796436889
-3324.0876863899753
-3297.2051138856655
-3283.4412376718847
-3291.500091783849
-3297.763997601175
-3307.95196663747
-3300.5785321787907
-3288.813006389061
-3301.942572849662
-3287.8383289329113
-3295.700739700245
-3298.730976156508
-3290.3605243835336
-3322.7211557863393
-3305.9750501892036
-3316.6546720017695
-3282.6135294886544
-3285.888527483094
-3271.7970138595547
-3311.224265638455
-3328.965242586758
-3297.4063908764724
-3303.4886702694844
-3281.114454958693
-3291.1778235411957
-3334.7035990166705
-3291.04838245791
-3265.2678832290035
-3292.5946372176645
-3286.6734678691287
-3303.48011947395
-3254.9566062285135
-3260.594766556847
-3258.1262326305477
-3260.02990085367
-3256.972876090016
-3261.1631651630787
-3258.2965774807262
-3259.925839214217
-3255.3165473901227
-3259.198880773197
-3258.852454840259
-3257.170143249736
-3255.0064338319376
-3256.6949831865936
-3263.902483364703
-3260.2177588363575
-3257.275984503021
-3259.597948975753
-3260.7529457775663
-3260.3536340671635
-3260.8603560483534
-3257.6264747452115
-3260.559190523323
-3255.6867349376616
-3260.375482567857
-3257.323636269829
-3259.5461818448607
-3257.847071975445
-3261.0125436256394
-3257.721997668243
-3265.4780969506533
-3256.46609363362
-3257.1201866462293
-3258.4637124094525
-3258.952292093983
-3261.104671717111
-3255.4842274470884
-3259.792210022318
-3259.5054484368857
-3256.635917164763
-3257.0298316049834
-3257.8211011850913
-3255.799457239543
-3256.833167160476
-3258.417527384249
-3258.1362002181672
-3259.3623474790966
-3258.9517564966086
-3258.9408974728954
-3257.956360387099
-3259.5342175185924
-3257.8050688670087
-3256.256114098571
-3257.833256498906
-3259.3538183482633
-3257.6594839667055
-3259.614280433554
-3257.9395685901763
-3262.2717979348954
-3256.418520267124
-3259.866262915004
-3258.323396438262
-3256.7074238014097
-3263.9314217865963
-3258.1552878626994
-3255.8121958063543
-3262.1754158082404
-3257.825446055214
-3261.410639936177
-3261.0005361044423
-3258.6270706023492
-3261.4823584000146
-3257.2308949389767
-3261.2052085992254
-3255.78022724042
-3256.2013585164395
-3256.373689575916
-3258.6956990943095
-3257.738379851182
-3257.746610850939
-3259.8550680422018
-3260.2391114425077
-3258.216948479575
-3260.9648845791667
-3257.878525728833
-3258.881000272466
-3262.668944310099
-3261.327295539263
-3258.433512399199
-3257.0389971141185
-3260.105075931708
-3257.3465279342518
-3257.950207416897
-3257.4661532303194
-3261.5469663205536
-3258.855647295351
-3255.123445294363
-3260.9911683069886
-3258.306655349928
-3254.4063093333
-3258.190953572377
-3260.21283346274
-3256.1156066743965
-3264.3649582598077
-3256.882906483596
-3256.1228720425925
-3257.218092682354
-3262.3328126455212
-3256.3111598313394
-3254.53086081394
-3259.4599232227824
-3261.963386126996
-3256.5114777927556
-3258.764973925761
-3259.1042168296112
-3256.534812901692
-3258.7544736398177
-3261.211321669773
-3256.8866128225386
-3256.2707362272395
-3255.3091330097695
-3255.7466206527624
-3255.486951706972
-3260.347662331344
-3255.342976743286
-3258.4325221699496
-3256.3727442511304
-3257.9633922205267
-3256.2599816154843
-3256.828804733896
-3260.7738968216668
-3260.290124131692
-3260.8926857496454
-3261.2348951208414
-3261.8250504353164
-3258.0150186868873
-3260.5002005525084
-3255.9200773476264
-3260.2820139685896
-3255.105341413986
-3258.773973498349
-3257.868609396764
-3260.7859304040844
-3259.379698183972
-3261.576126243204
-3256.3562205426188
-3257.184607522614
-3258.127029975804
-3256.43180548893
-3261.8563147691234
-3258.9604133894486
-3261.2716532394866
-3257.3402698749073
-3257.180525839018
-3257.143001802831
-3256.6445929258552
-3256.2110334991644
-3255.5525081197516
-3256.9251210729417
-3262.139597880932
-3260.12629189629
-3259.846868195031
-3258.7526202513104
-3256.9381142030766
-3257.3240693247767
-3257.050779563211
-3262.7492862052745
-3261.3715781187084
-3256.8488274998317
-3256.892978821091
-3260.163339967161
-3258.3382657348275
-3256.84523091089
-3258.5649738010816
-3257.438450349512
-3261.614059850007
-3256.1810908120797
-3258.2277948545675
-3255.7810705500615
-3258.4068745461022
-3256.789653885924
-3257.176712739114
-3259.463406959587
-3256.12829815368
-3262.4832884503903
-3259.9751815750355
-3256.4654585711355
-3258.1483771553158
-3259.5581943637867
-3255.257385948585
-3259.995216641333
-3255.7329488298133
-3257.6575570692653
-3257.4460998848695
-3257.683106496408
-3256.158761261557
-3258.0609457048577
-3257.124311912268
-3257.0653868624895
-3259.221211292397
-3258.207626039433
-3258.490198532511
-3256.802740429516
-3260.224726890498
-3258.1105697252333
-3257.735046687467
-3256.554190091916
-3259.2714212763067
-3260.364052344971
-3258.417940439109
-3258.74001726234
-3256.983148510893
-3259.4888924106776
-3259.024443640108
-3258.4914254794553
-3260.0051613536384
-3257.979923230263
-3258.3969432004355
-3258.9819227540684
-3259.030783225742
-3259.5343335998436
-3259.355505935357
-3257.6513343155348
-3257.7092452563434
-3257.5335360394934
-3258.359460437341
-3258.8886503224253
-3258.1543779218287
-3258.153421048812
-3258.4414561042427
-3258.1033562607927
-3258.3973627201203
-3257.9148964616265
-3258.275915041796
-3256.490815979689
-3258.0045808236887
-3257.169783765932
-3257.6945631582
-3258.4881858182052
-3258.777254487313
-3256.9079829248462
-3256.6563131074013
-3259.0589741876
-3258.531206685473
-3256.937798573769
-3258.2012901674075
-3259.100537675321
-3257.84045706522
-3258.518370922929
-3258.413012548151
-3257.959099548565
-3257.2744094085106
-3257.738352611437
-3257.3912689053604
-3258.6146244477354
-3257.3459519348326
-3260.6368637925275
-3258.0998743041578
-3257.3284190532113
-3258.696061594298
-3257.263928166526
-3259.33719493949
-3257.800026149094
-3258.8358167930687
-3258.607975155839
-3256.682071845775
-3257.498275416431
-3259.009917567444
-3259.185886510679
-3257.7849019222485
-3257.623584361174
-3257.95264641292
-3259.233214734987
-3262.0146857148343
-3256.3226818216817
-3257.196743206391
-3257.572221754549
-3258.2778189049095
-3257.4485554528146
-3259.870819086962
-3258.2529343086894
-3257.6877007877238
-3261.278777941129
-3257.5177280011
-3258.6300973731445
-3259.4434186290982
-3259.3217982723686
-3258.849526548486
-3259.8645151368323
-3259.129495858059
-3256.96918658822
-3259.5999173377963
-3258.5190412551824
-3260.2730273426305
-3257.6009323575995
-3256.6333613048296
-3259.1233389088734
-3257.0179305951365
-3258.316612806315
-3258.7563486873732
-3258.8247827796295
-3259.0867408433023
-3257.7964850531835
-3259.328364797042
-3258.324861030627
-3257.8856126335595
-3258.0458893910604
-3259.8831054161697
-3258.987269383504
-3257.391910615741
-3258.0670164775906
-3258.626223459452
-3258.956449865056
-3258.0009269669213
-3261.5513121711424
-3256.861039905766
-3259.4654845588652
-3257.4284138385633
-3256.962000409741
-3258.898277136407
-3258.32445407847
-3255.918284661679
-3260.8229287123877
-3257.8704279241947
-3256.837548259059
-3257.7419579822454
-3256.9600506359498
-3259.938440420318
-3257.1180806428606
-3259.533878394241
-3260.5926719103854
-3258.861287302589
-3259.4892436624887
-3260.060336458686
-3257.5291688842967
-3259.2965365915893
-3257.797694172443
-3257.0486080848473
-3261.713546522892
-3257.635518423183
-3258.234546078738
-3258.564608224978
-3255.678875580689
-3260.4477980000984
-3259.800130649448
-3258.5518827559717
-3256.807475571066
-3257.398258446656
-3258.909009325023
-3258.6836957636756
-3258.286651473635
-3257.741999075814
-3258.980119547225
-3259.7203483641833
-3259.866176016972
-3259.656549741407
-3257.7000920777205
-3258.7247084967153
-3257.534468128852
-3258.311399561238
-3257.314166026983
-3258.856424901176
-3257.6905563682153
-3258.0491724653293
-3258.47323453674
-3259.024693116568
-3259.8831966512957
-3255.2533010921798
-3259.9600822032075
-3257.975768611732
-3260.381623812783
-3258.1977502008954
-3258.0520228389687
-3256.707852826736
-3257.695190194948
-3256.2534987168506
-3258.6235346622752
-3257.3588382292905
-3257.2437811577474
-3256.3860510974205
-3257.531646751799
-3259.0612025711266
-3258.768729194955
-3257.870255463472
-3261.2896452071286
-3259.1616988553487
-3257.9332392748715
-3258.9554240235852
-3258.707836155066
-3261.3637390745494
-3257.285317060942
-3259.160807817491
-3257.8948564017583
-3259.267571568004
-3257.590343844702
-3256.034777311931
-3258.6212262562217
-3258.4863200998625
-3258.8477564301375
-3257.5435019396186
-3260.2722397088182
-3260.4970683629977
-3259.8919202131738
-3259.788968598895
-3261.6752045286225
-3259.3721141309693
-3260.275206418271
-3259.0511371346415
-3260.5700631988516
-3259.8541414600395
-3259.9184187688834
-3260.1885437440233
-3259.438521624243
-3259.3157545893696
-3261.524563379164
-3260.9152363766866
-3259.8634463624117
-3260.5380222178687
-3259.414487637978
-3259.3570231732942
-3261.962851707412
-3261.5882017427507
-3260.563318898012
-3261.7930088734543
-3260.3006377567604
-3260.4288302433306
-3262.495073312344
-3259.1686017171874
-3261.122471416382
-3261.6082016821206
-3261.3531396248904
-3261.2312667874985
-3260.010237084143
-3260.238310752312
-3259.6384993763986
-3259.6630794429843
-3259.5133313039128
-3259.7992431139623
-3260.869058244371
-3261.2027156200925
-3259.6069490284544
-3261.7010684072143
-3259.519565356564
-3258.9956684124186
-3260.1929907976123
-3260.321051013917
-3261.1665662996434
-3259.1788298081465
-3259.675628517491
-3259.21867655883
-3260.641161886761
-3260.4768961454665
-3260.4724285360835
-3259.947825154911
-3259.4316160914673
-3261.143938521493
-3261.9617471991833
-3262.6107889517457
-3260.6573430480776
-3261.0753768587297
-3261.6800275507944
-3262.2653371190313
-3261.068082371031
-3259.8680212678814
-3260.7894389269245
-3259.976022667559
-3261.616595113862
-3261.9500398133514
-3259.778484122946
-3260.739427269029
-3259.737148793769
-3263.740671787723
-3260.5950069212026
-3260.9955683803637
-3260.782517986165
-3261.4449829859004
-3261.4902378115994
-3262.335500294657
-3259.8382318275694
-3261.4197811303807
-3260.574035831864
-3261.2973262311625
-3264.1551758942187
-3260.8106320860916
-3260.5633333579253
-3260.9762246888868
-3262.299507788901
-3262.9211206578893
-3262.03607945447
-3260.443269408809
-3260.1141992296198
-3260.99067277928
-3261.5378643638405
-3260.124931674337
-3261.7001988076304
-3261.162418684312
-3261.172580405097
-3262.1215240019005
-3263.056736646811
-3261.1232573745006
-3260.614346637014
-3260.350225981725
-3260.914653085702
-3259.2028020150074
-3261.7048782046563
-3260.3681522198613
-3260.8714833503827
-3260.6846282948377
-3260.3114444082066
-3262.6487044634787
-3259.2078887734715
-3261.7530317261767
-3262.745435621129
-3260.797470383059
-3263.484536102285
-3260.223942349009
-3259.535126664362
-3260.8629257021557
-3260.009328338064
-3259.8108492762617
-3261.406969854468
-3260.684638014836
-3263.3181553068453
-3259.974328583598
-3260.6400432538635
-3259.649025941919
-3262.4340532210203
-3260.682250680229
-3260.8614047819574
-3261.830192636362
-3264.3771665240006
-3260.881029120837
-3261.281001758751
-3261.2298610205703
-3262.896066828309
-3261.097484681615
-3261.7703872772936
-3262.3697998989114
-3264.3065775113173
-3261.6396233191754
-3261.7730492746937
-3260.254356721814
-3261.3553302754635
-3262.0857947575687
-3260.77435279958
-3260.8346940561746
-3259.9956256218243
-3260.9850393874367
-3260.5008813470986
-3260.4388855820075
-3260.9230918588732
-3261.144119064009
-3260.5196370981225
-3260.144517725272
-3261.600038649713
-3260.8397663254723
-3261.6199182814016
-3260.455140990007
-3262.183966242397
-3260.0503916867756
-3260.9701089006044
-3261.942012564591
-3262.7142207860193
-3260.0915401304555
-3259.12349104227
-3261.2013244393374
-3260.6266812036856
-3260.089303867053
-3261.5754340207286
-3260.7418441062587
-3261.0715225336485
-3262.3658074306886
-3261.0089035460137
-3260.8661708477807
-3261.825433210151
-3260.6735376746446
-3263.2251547596047
-3261.6066803746094
-3260.335969459028
-3262.049928487014
-3260.7402181237085
-3260.7375435301824
-3260.2832087499487
-3259.591276402433
-3261.1948757807395
-3260.7205060573624
-3260.198110553821
-3260.7177904796895
-3260.8002771828806
-3260.3925036581527
-3260.209213838274
-3260.0864449350397
-3261.906847464863
-3259.7360950565153
-3260.4622582980514
-3260.2102094296397
-3261.1492608678477
-3260.5173088846327
-3262.6123630149436
-3260.8791901763107
-3257.35350090744
-3257.55693511254
-3257.527123194966
-3257.6372999727005
-3257.698030664767
-3257.5494858340044
-3257.1125259206124
-3257.704857763281
-3258.766289022483
-3257.7041555656583
-3258.728562518628
-3258.8522280619227
-3256.527496448339
-3258.475419102012
-3259.9674756018853
-3257.677813772964
-3258.607738503638
-3259.452046790485
-3258.619231778145
-3259.450198405816
-3258.277517293131
-3258.5543082129248
-3258.138262985296
-3257.194695427547
-3257.4529866311796
-3257.475716575151
-3259.9160061427583
-3258.6651706260222
-3259.786951613629
-3257.785784498987
-3258.0756157943156
-3257.072000043048
-3260.442117981253
-3258.1956461671853
-3259.072324842751
-3258.111173687299
-3260.063518461515
-3261.5852946336727
-3258.938194754356
-3256.926578551467
-3257.424085894958
-3258.5930070222607
-3258.9756508708824
-3257.5269631230285
-3258.9835753033303
-3258.436394734569
-3258.1450976440196
-3257.1706806379434
-3257.2925554948583
-3256.728324666836
-3257.588339526829
-3258.6998892908528
-3257.9158087374694
-3258.7285498274427
-3257.857079980163
-3257.3817507422136
-3257.802646396084
-3259.2350542742606
-3259.6796730550877
-3258.4501702368084
-3259.2873547368804
-3257.228988383919
-3256.991903087702
-3258.055616633466
-3259.576412505999
-3258.0107357897614
-3259.4932431403154
-3257.294142956435
-3258.089163186857
-3258.3694365051465
-3260.351380080946
-3258.025213115694
-3257.690238763039
-3259.418649360388
-3259.0459225770896
-3257.911401561033
-3259.1022469280124
-3258.0184409167564
-3258.866063076752
-3257.539051542959
-3257.3370244327025
-3257.787028343289
-3259.4566910223807
-3260.011501625524
-3258.708361358561
-3260.3687442648084
-3257.3382473283013
-3258.5110388647477
-3259.594002663015
-3258.598224392197
-3257.87322096126
-3257.2655190421865
-3258.851659678699
-3257.9562815959894
-3258.593551160781
-3260.989394047132
-3257.6735397573507
-3258.535278146438
-3259.1052186488914
-3257.011187189872
-3260.415667408344
-3259.783844766235
-3259.2565972079874
-3258.5166038055836
-3258.8802975819362
-3257.031920821554
-3257.4788320204757
-3259.0529239696125
-3259.484785255037
-3257.8512476461874
-3258.598869932625
-3257.139099652829
-3257.3299342904247
-3260.2037620908322
-3257.207442774607
-3257.954373557572
-3257.7731785432693
-3257.2800935623386
-3258.9925167075744
-3258.2593247116283
-3259.770658140646
-3260.1295450348694
-3258.0250911385556
-3258.064498688509
-3258.6298933861203
-3258.2497026688866
-3257.163028561308
-3257.589090331477
-3258.0180265402137
-3258.6209611441664
-3257.5106677769572
-3258.9515994713615
-3257.7761005168572
-3259.3402896220055
-3258.3812886215296
-3258.5970718129497
-3259.5567802980627
-3257.4163670486337
-3260.9246674922897
-3258.476404234817
-3258.414203922051
-3257.18532586728
-3259.5625315561724
-3258.3669301599753
-3259.2207785698083
-3260.10212199171
-3257.4862645932385
-3258.811795414412
-3259.5665379544484
-3258.661479585339
-3257.117004770821
-3257.577972361067
-3257.5935835670616
-3257.3344733299928
-3258.357862046086
-3259.4921102474054
-3258.607545151144
-3259.7735107642525
-3257.5351733428615
-3257.3860227243163
-3257.7438596934476
-3258.374805444421
-3257.4775251647925
-3258.9337927508273
-3257.7889416558933
-3259.689802209276
-3260.218896219841
-3257.802812209722
-3257.5125917094592
-3259.751312838988
-3256.7067904381697
-3258.6434298249324
-3258.5050594202194
-3257.709018641741
-3257.90742943401
-3258.776182664277
-3258.1855653909993
-3258.7872910931633
-3258.18769745383
-3257.587661263682
-3257.7014215001386
-3257.565857342702
-3257.219985437305
-3261.1894091890667
-3258.1399885058213
-3258.891101773336
-3260.754877689016
-3257.60491535541
-3260.5485741204125
-3259.80757227151
-3258.1432550820186
-3257.4263491914658
-3258.7270020414658
-3258.2924626692115
-3259.245452780278
-3258.298416279731
-3259.1601530568205
-3257.850828678347
-3258.7401996738763
-3259.860763589397
-3303.777901010708
-3350.1532350472608
-3313.270109578804
-3304.5170164350025
-3328.97935752615
-3296.6614871524675
-3315.070229864944
-3311.443251935333
-3305.7302603762023
-3310.4720814166753
-3300.3358165176583
-3323.506158637977
-3313.330230853762
-3318.854238517804
-3306.048801670367
-3310.6359430656075
-3292.3903075451453
-3295.821167715052
-3304.3055029285615
-3305.2711455152817
-3306.950788929967
-3293.3076192099047
-3310.112678571521
-3318.5404130208058
-3293.0164896387614
-3323.5001863806233
-3316.8371022265765
-3294.0023006219035
-3325.6085257463205
-3329.8764649901377
-3297.4905013827833
-3310.106094496722
-3337.4393387847417
-3291.4791392450325
-3291.2565914609627
-3320.0550607430396
-3330.1803280944823
-3295.1936967617357
-3325.613042003974
-3311.682694575312
-3306.001947348922
-3302.962964297591
-3306.947510417463
-3310.3342499643077
-3292.281967382023
-3327.780158446591
-3325.2453317311465
-3303.1041605637415
-3309.6033610625614
-3296.6595617690714
-3317.4810619439445
-3284.3509230783243
-3330.8505931172504
-3317.4545016338984
-3318.3891117439275
-3304.494326532928
-3322.7348456953655
-3285.2520669331007
-3304.807969455841
-3290.7483089492457
-3292.0751867974477
-3298.521005122167
-3318.333248145842
-3319.525737068025
-3305.590297882596
-3297.822405662736
-3290.6955110789268
-3306.037178009058
-3299.683643553766
-3291.0500284164086
-3292.2710695651463
-3297.4455881417625
-3299.3895609130273
-3293.2377332531796
-3313.200487443456
-3306.6587880116085
-3312.148718895255
-3294.901630729968
-3278.692734116075
-3304.763543981424
-3284.534730408972
-3302.353139011921
-3307.501633254053
-3318.3591924486896
-3284.8380874644863
-3311.440965390277
-3311.303328700781
-3312.73476599198
-3319.4319566292575
-3296.5212102348846
-3292.319433296662
-3297.58326061285
-3304.537277139744
-3296.830291660741
-3317.1284026589074
-3307.402802065311
-3291.7707782117977
-3307.708963348022
-3311.2336463119336
-3291.603330049904
-3324.487757065951
-3291.856891934055
-3283.1396998520386
-3317.9933651637934
-3318.194401625968
-3304.7287931427886
-3307.7268666638215
-3301.8542342510646
-3300.1120238963636
-3285.9891125825516
-3309.5671968578745
-3292.9785188522796
-3305.773196357105
-3285.3279980183484
-3317.7924302439774
-3308.276277763125
-3313.0079471684303
-3304.7947941385582
-3292.1770236330603
-3297.666038151182
-3295.7364248995277
-3289.7134694740257
-3301.630454284969
-3303.3572144614263
-3304.965895699575
-3330.580292934001
-3326.4915401482162
-3327.4496981190723
-3305.085749129893
-3297.0070757869776
-3297.1625789902077
-3290.1082873682208
-3302.3403681118575
-3301.090923255015
-3296.9117252425826
-3290.99251233912
-3279.1090166898457
-3297.8553343197145
-3304.131539204431
-3297.6301369945268
-3323.165311772165
-3307.1904119868427
-3287.265514339413
-3311.5557312912183
-3305.6107213918
-3295.3938499036285
-3324.618216221169
-3291.699434060258
-3310.1465842403195
-3294.487704216992
-3331.586839249939
-3297.4760603635186
-3303.8638918282777
-3314.7605500019054
-3284.0127261645384
-3294.783044090132
-3305.7856539063364
-3323.323932548624
-3307.187710790031
-3318.141011129083
-3305.0671273344788
-3317.6722639638215
-3316.946089626257
-3324.476994337189
-3309.610928401161
-3305.6927120731198
-3292.657287578495
-3309.800220178917
-3325.648070166448
-3329.700197858174
-3304.3785593697257
-3287.0326608682158
-3300.5905285033505
-3298.918157668119
-3313.3322693656055
-3305.5870210359776
-3298.413934475741
-3305.026542495644
-3291.586022048577
-3298.302775474808
-3305.4545178583203
-3301.2102167779926
-3323.720154639864
-3310.1614345249063
-3324.1458244223263
-3288.0097983346977
-3291.8377087692897
-3279.0480902250065
-3317.216006950095
-3329.8987394814194
-3298.296016012313
-3305.605606048614
-3285.338567243066
-3297.640601264875
-3332.7628632268065
-3291.353425126277
-3274.3726275095923
-3301.582031779196
-3289.629966562425
-3309.781442824821
-3827.796867375294
-3692.3589015840557
-3672.871075771644
-3738.487481550151
-4023.714191536989
-3572.288995764682
-3941.6887664394612
-3836.498893507909
-3832.5159262928732
-3983.969301010549
-3600.714284869966
-4066.9893578180754
-3907.333821380194
-4203.947320847069
-3815.9177042072547
-3779.111127028994
-3848.4390833351235
-4207.603141069161
-4006.2910692111927
-3989.680423760322
-3391.361479087938
-3697.9277136216456
-3657.1133310055566
-3943.124746907125
-3828.71084915349
-3784.504294811414
-3658.7659826812983
-3671.46520178557
-3748.439456338466
-3788.9235542275414
-3723.6397819148374
-3808.5236561276333
-3896.1835852012564
-3701.164505179959
-3779.23812098585
-3639.7675668113916
-3979.32352914016
-3560.380256614226
-3721.274719793612
-4258.39465808724
-3888.4508231934133
-4058.4245074944756
-3724.3246984356138
-3624.3318637003667
-3797.590715205085
-4313.619897006193
-3867.9158377489293
-3676.2995810451634
-4271.156871902343
-3763.099562624634
-3860.4782911138345
-3702.314967814394
-4234.6860845458295
-3788.792701916987
-3860.90202187012
-3940.519579018969
-3801.412043079408
-4445.482873479199
-4067.540931757646
-3960.716446812929
-3294.79975212066
-4042.8832169031743
-3526.7954888542517
-3831.305333594848
-3775.050115732992
-4110.8780265762225
-3849.1103528371423
-3459.108972153913
-3557.1947832825094
-3850.0064908559248
-3907.697879851517
-3963.683510777485
-3721.350058179053
-3780.5594122653156
-3609.8931559946072
-3728.0782890120754
-3615.9879993048994
-3555.4712951093256
-3967.5855795408793
-3634.6396438595657
-3997.739141009923
-4195.643552402432
-4005.5407527918705
-3923.298907695298
-3558.538337456061
-3708.504185951803
-4308.778032520466
-3920.6575317264223
-3751.650311156742
-3696.3159340953966
-3758.828687354117
-3875.106379006848
-3698.4341699027923
-3749.5776912401784
-3609.9871633292996
-3860.148054979095
-3909.120500582246
-3381.4183546008926
-3635.8198932458504
-4205.63219387399
-3690.7551399503623
-3570.3836024013694
-3718.208766563578
-3786.4783289413817
-4227.022318522614
-3622.5212879474584
-3424.517082323145
-3472.334945203978
-3827.910216887161
-3925.4919795578344
-3547.742115531438
-3612.38829066839
-3560.5023914244325
-4068.1215188000256
-3785.086788329186
-3884.1822974665374
-4109.586077392195
-3564.5813518013333
-3611.0862062568576
-4373.988430984217
-4280.7362014765695
-4103.13104009946
-3858.407246927506
-3771.2005803313186
-3990.682499666456
-4189.180440996466
-3558.4949107454663
-3857.665314726493
-3968.0313698923064
-3813.5179048787604
-3797.499070321462
-3822.0148400123358
-3892.6839751397642
-3383.1742374772775
-4003.260902237958
-3789.6396324191046
-4156.073765780826
-3714.310463507289
-4164.17677582784
-3981.3378463296003
-4421.003450122345
-3697.426627271442
-3890.7162361394894
-3863.4678281337215
-4248.375175924149
-3671.604768754764
-3904.717540640041
-3776.857826244256
-3791.9206498311323
-3552.3593656923927
-3396.0541788638584
-3982.9334523434095
-3905.2116196095244
-3657.3136068723243
-3730.683398450941
-4154.738774756928
-3710.66386709025
-3629.2219941946632
-3219.165246922701
-3708.309085742254
-3867.903245453647
-3930.188719825377
-3875.0883933868377
-3835.144678232671
-3745.1600988548257
-3721.5994571893134
-3688.074213838617
-3908.392266436314
-4344.926417054845
-4147.596518682005
-3462.208399450692
-3827.8535075803147
-3809.5865390960325
-3842.31767808597
-3866.905710300183
-3409.207206813435
-3886.1548144995963
-3910.6389084300504
-4135.6479535537455
-3689.643501488374
-4340.938114712862
-3758.0279234408954
-3871.7232501119884
-4103.2925166695695
-3834.8274198401164
-3420.982994361764
-3748.8890005186777
-3310.734481057255
-3906.769608238709
-3760.917883038522
-4193.44924514372
-3819.069479620165
-3737.910150947193
-3726.1323571464172
-3695.049868942387
-4163.1903888155875
-3599.494167513031
-3891.701015088488
-4142.258668138158
-4242.491312406031
-3929.068360220671
-3855.755188667197
-4005.9715955088914
-3865.394334059184
-3832.750631864865
-3877.300947344811
-3809.7648124822954
-3695.0225323785457
-3823.768544655345
-3607.9346373988697
-3869.0571622485736
-3898.443963373224
-3841.7580091316313
-3907.5639681649036
-3706.4979117404405
-3929.1573749897757
-3806.016925545272
-3861.8269403372437
-3744.7749038532966
-3766.9038023601083
-3766.969551114023
-3840.8972039331375
-3784.015468911262
-3893.4970391113807
-3875.9652554750473
-3822.559563406957
-4029.982808654002
-3895.426536475099
-3907.3887064056257
-4063.215461657997
-3861.730197046813
-3811.840523510127
-3858.550715633864
-3901.820007416777
-3803.387165149707
-3741.648022687899
-3774.281865176285
-3918.607719428115
-3739.5139361342335
-3893.213990335963
-3889.667029014052
-3805.4463582936837
-3744.4618919430873
-3901.89571655653
-3843.2338211625583
-3867.9208873027073
-3918.355038851116
-3871.3740871621158
-3762.779589366808
-3793.2714857675132
-3781.9285345066537
-3960.6420781015527
-3891.339532105544
-3891.4015659788815
-3823.6160875829955
-3957.5598015329933
-3829.0063428672233
-3846.156130146619
-3927.865048862432
-3851.4291247110405
-3898.557361930915
-3818.656557949428
-3904.9536787141906
-3915.3793954926355
-3733.587346572466
-3889.362434816015
-3762.225875251897
-3991.0785775943664
-3890.306561976195
-3912.046483209839
-3807.6519559637422
-3899.8363606999183
-3759.0115756396417
-3971.415215127196
-3946.234850944669
-3820.180919740066
-3790.6666716009677
-3945.890422190373
-3863.3626498243643
-3969.9399943022077
-3841.1706479140457
-3880.8736117754415
-3912.7696101612264
-3930.6469771840775
-3916.50313313455
-3839.85360525302
-3919.709543439845
-3817.336452928924
-3920.0860301442044
-3815.2309262075587
-3879.061344217187
-3870.5551908391167
-3727.175840969355
-3689.558914760203
-4098.703603457074
-3839.098904982873
-3883.8104826881367
-3917.733463714085
-3937.7655059741846
-3995.760688211465
-3985.086095493571
-3869.671502138028
-3851.8095852070433
-3890.293223804245
-3939.0766939386526
-3840.571227882355
-3813.0248611278325
-3883.2408626781457
-3874.8197428684393
-3881.982234089042
-3764.2896036353172
-3730.0928688697763
-3911.44725581144
-4012.4849004691077
-3948.331885356755
-3913.4360446288515
-3708.691343041022
-3731.748652256473
-3798.5555932662655
-3861.7538561583874
-3668.04519444593
-3896.667146782726
-3761.169462980132
-3830.0723990006422
-3949.434166191901
-3824.287103266301
-3818.0297348111685
-3844.3482661973544
-3818.947075039397
-3873.4482971248904
-3718.2363372918003
-3724.0794489460095
-3844.019214410652
-3672.0146474189555
-3915.796882824577
-3821.7144456892966
-3797.7912854718998
-3919.060987240309
-3830.755609389675
-4135.558307770962
-3677.989903786193
-3637.521432533367
-3835.7614731229273
-3959.112122372219
-3850.062491422069
-3989.3794583580075
-3892.6692419032524
-3872.203379342492
-3756.066789773058
-3971.320632958515
-3863.749348391122
-4003.6670115600305
-3908.3002354540317
-3949.3580317948004
-3903.62681944663
-3874.7011784240117
-3772.821209682413
-3714.336412677203
-3910.6435196182297
-3920.046859200409
-3698.989492728573
-3723.1129847145494
-3848.8003427502445
-3785.2215731235106
-3771.1151348187295
-3785.2443773487084
-3912.6849333753885
-3833.856318221808
-3808.200574385716
-3718.756913576127
-3852.8650196323388
-3985.7448480103385
-3906.0199708617274
-3925.5130555972873
-3834.340272737
-3949.9151776414087
-3662.1885906408647
-3674.7642299568483
-3960.2719396989555
-3844.260822992747
-3938.2148552401027
-3994.9646620018934
-3851.3882732360034
-3756.09919808411
-3846.891567349789
-3740.801737810759
-3801.9343962906023
-3929.711288733927
-3789.482610875908
-3878.3217350928035
-3889.453132074128
-4000.412336928965
-3936.128346322841
-3785.8159109018407
-3752.884299505302
-3902.0760188647077
-3889.166562149723
-3832.8165029913466
-3798.071089784375
-3940.6516790624023
-2899.243323697077
-2902.554559176871
-2867.4703714669454
-2863.9785429504964
-2875.6250809434323
-2922.9330891788904
-2867.281047740778
-2920.0197466663194
-2885.05170936121
-2883.1765879928894
-2897.3628753911557
-2888.2887985515376
-2884.7632305933744
-2857.7978513216513
-2914.7485105733517
-2865.7208283832397
-2909.8127277762105
-2896.4402331960005
-2906.4135431826153
-2878.8824683634557
-2885.7268897409917
-2878.93708647024
-2915.584077786774
-2878.6778066225393
-2903.3342863693883
-2905.4335394430586
-2885.6605060286615
-2917.0134315939863
-2904.3111753799226
-2896.692062620026
-2884.4087706196556
-2888.0603579021094
-2879.166167072156
-2871.004792377153
-2874.612820210508
-2868.221312481653
-2880.7516084894924
-2878.7902104586137
-2902.010563961614
-2886.12390533731
-2924.4622722410318
-2879.1257376782914
-2909.0518067159105
-2908.1916493829
-2909.9193190622864
-2860.0384109098122
-2890.756179385278
-2868.6959732111786
-2857.356630602336
-2894.629619201092
-2907.797730007381
-2913.6610440395875
-2910.567517418883
-2900.3830704423976
-2863.2700707956014
-2872.3607005639574
-2921.9522799647034
-2850.0232898103336
-2894.1372579171034
-2879.157951135017
-2866.232499762047
-2883.807215114919
-2894.0369219346485
-2848.636516897161
-2892.929087785
-2893.5074350459186
-2875.342337651854
-2884.012560628843
-2864.4168606919434
-2917.6710889405012
-2905.1535177773326
-2858.1129231075492
-2882.516229076989
-2870.0056988599167
-2849.3677890482954
-2860.0215908953023
-2908.3339844889315
-2862.428649488901
-2864.776275292231
-2857.6011908466953
-2869.5313953027253
-2881.9305090227067
-2849.9890506481233
-2839.9308452372516
-2873.625635787589
-2812.5527187846506
-2823.7659078855413
-2882.1078416386244
-2873.262037600602
-2925.0669343730124
-2881.792796438627
-2883.6476576310515
-2882.984429412644
-2894.0209890728174
-2836.035148348348
-2887.955352928034
-2868.4985241548225
-2888.5363382470327
-2905.8068745778614
-2872.053368978435
-2921.178533238958
-2873.616028753744
-2897.87705497339
-2936.9665330867515
-2894.5295990763634
-2919.7383748557277
-2886.9088777126626
-2899.498609105885
-2898.544815130937
-2882.994170200348
-2876.4503585574544
-2917.9622500878195
-2894.2499686130272
-2894.294474392161
-2887.989637644239
-2911.1123207710825
-2892.8603683442525
-2915.739211686582
-2899.6952122759635
-2879.9642741969856
-2875.7781450519624
-2901.659336226477
-2875.6165123248356
-2833.345119275034
-2887.405240100664
-2880.000599354928
-2883.9192095574363
-2910.781125677708
-2926.0265048541482
-2861.729241290642
-2861.8007023622317
-2914.2262673447967
-2897.043731530776
-2884.6656572221464
-2858.7041127459465
-2859.68050217233
-2847.4464670009443
-2867.7591720178298
-2844.649132365284
-2874.3047480789437
-2845.830364310088
-2859.7092249045886
-2859.729714089603
-2860.04651919848
-2883.936489832894
-2856.8416315506656
-2900.235755595351
-2880.808443434965
-2901.6182754457354
-2889.998225340399
-2853.514067884922
-2897.7654422255196
-2881.835617924397
-2906.0052062064847
-2835.574176155561
-2894.7400971166153
-2874.3363648527675
-2866.1982890006434
-2834.134778645384
-2861.273392143573
-2886.868616333977
-2885.9854452529507
-2856.7861860240023
-2873.408780043958
-2879.758851122239
-2907.901769254195
-2925.705006011701
-2923.8339373461213
-2911.6933917134525
-2913.363241598691
-2905.2353944429397
-2881.1274094958108
-2862.2269935108525
-2870.8578269614527
-2868.616357568251
-2901.334550257499
-2861.5186909965582
-2874.4156780839603
-2861.9408815058596
-2847.244633597475
-2871.0501734959635
-2919.6388194975098
-2908.9087438824004
-2865.458632510039
-2895.740732679755
-2896.4062246286776
-2898.734696816774
-2903.831908542569
-2906.8541372944687
-2855.4693069834457
-2866.455435497927
-2892.693932790892
-2930.1775817022885
-2888.3051625328403
-2874.8918175713125
-2898.5353249139926
-2934.3203767334394
-2882.89066188413
-2893.473605200669
-2954.7367736005326
-3871.5063162646543
-3826.478965144027
-3786.1869437500613
-3802.3335227837933
-3907.1318336972968
-3843.170793898554
-3832.0369591720873
-3848.716761006614
-3808.1462775162536
-3928.166205195841
-3900.9671567250307
-3801.6448475569864
-3920.916084970822
-3930.2699975220075
-3890.773786171372
-3841.145233302336
-3853.8172835320465
-3817.942062052688
-3886.787571934494
-3825.7321835565394
-3854.1725719357537
-3828.8768872225387
-3854.4960262398345
-3846.8432422162427
-3903.6765242081105
-3880.7777828818903
-3851.181880497533
-3868.9451145984044
-3883.1502676365553
-3890.6852952327777
-3802.759707522688
-3864.9597488593504
-3818.850658086438
-3835.0475290956947
-3838.0914555390686
-3897.2274679138272
-3937.3800475612516
-3929.045996961861
-3864.2948060690587
-3876.505338097332
-3842.6155838168224
-3793.3850619485843
-3772.3340518528985
-3811.7114763549835
-3841.805489110871
-3788.1582174837445
-3897.8798085289613
-3907.420132640832
-3861.8714422564453
-3848.8234652429746
-3858.912965132443
-3826.3910144664164
-3904.0711795892234
-3942.456817099282
-3831.8465222536884
-3817.337763869412
-3781.2590057669363
-3782.222626702709
-3764.5101125035326
-3882.771150418433
-3854.7032099306643
-3764.801793743834
-3850.0864262481573
-3791.8018814976103
-3921.6246629051593
-3902.466680633219
-3816.3705349187
-3887.9375118669855
-3858.3139874455783
-3773.0530388705292
-3923.2194326221634
-3868.060696472218
-3856.512803120726
-3773.6777300418976
-3900.860446765935
-3855.309885380678
-3798.6242300067015
-3834.4401553252856
-3887.0091074109455
-3809.496708331643
-3801.2378710775197
-3926.0523343855193
-3826.8022737088518
-3774.8635058101695
-3842.012855305229
-3938.1256983323474
-3781.68441253086
-3901.1125170570053
-3854.9825634178655
-3869.6938283200448
-3839.3235000484474
-3872.323475186892
-3852.354292711114
-3919.501796442804
-3936.0538304229553
-3796.1114868830805
-3861.3963573643523
-3841.453193418795
-3816.7128002244995
-3811.621488737803
-3897.583460060396
-3887.0489665851856
-3807.184460765319
-3885.5466489182268
-3836.709341193183
-3800.5558723011613
-3905.2674823975926
-3839.2047599204757
-3785.7517608887947
-3850.208189820373
-3834.2724676588414
-3823.095804403175
-3926.2983047081298
-3877.5814035035824
-3788.745223559041
-3871.7370771315177
-3842.3560820370303
-3964.3046407359934
-3831.647463445842
-3813.1845370041647
-3905.5073933701647
-3901.526015335436
-3809.6277567439306
-3905.3086289142193
-3863.286776994547
-3872.9997937165854
-3840.6560116646656
-3904.2605580900968
-3914.9495850447165
-3831.907600226441
-3851.19327958203
-3856.6713916223443
-3912.0251429496434
-3888.064590114734
-3859.8570410672455
-3803.1057489273767
-3797.387334690779
-3730.406272749907
-3808.053990817421
-3972.589638126154
-3862.1187471682283
-3883.2257161302095
-3821.898053024379
-3909.6265527105206
-3864.7242376556155
-3830.6530010270176
-3927.8504093727925
-3896.9041019428423
-3900.398083774141
-3833.948939347793
-3812.4515300467774
-3794.9328572008635
-3922.515441270967
-3845.7562917149357
-3812.102369523954
-3849.2395277662617
-3806.645015554838
-3848.095253093482
-3769.2563049110163
-3875.4271990811753
-3786.001130232349
-3878.542564858404
-3876.8673308205566
-3860.0660915545955
-3814.1105046349003
-3863.850340060416
-3875.588272097829
-3891.917525507479
-3891.335212053204
-3793.627388068706
-3727.866482866776
-3757.4309134379896
-3849.8348841010625
-3829.2994084282723
-3856.2506022396356
-3868.4398843989084
-3814.336433233642
-3900.316458197491
-3906.0320665517734
-3832.1489208284806
-3846.940472794847
-3836.072061549478
-3870.216889555005
-3871.161550321325
-3909.1141698214783
-3866.3887986168857
-3879.490583012618
-3957.4481497376537
-3881.8459380313175
-3838.8831640953963
-3867.01757172484
-3838.745323432351
-3753.9718195155997
-3792.7794921836808
-3855.583817617869
-3831.2568635003354
-3813.191165438167
-3784.0500376177774
-3848.2164705554947
-3766.8871656405117
-3581.8249058182923
-3622.5466907430464
-3718.84954308482
-3595.5563595978024
-3895.8438802583623
-3451.921285633536
-3578.530884922934
-3566.4915954842263
-3478.3044648110968
-3600.3664645712943
-3664.0947408552274
-3946.066314635688
-3558.798685003748
-3532.0191267845776
-3603.4999123020557
-3626.8611198940166
-3559.3491716629974
-3746.815848290698
-3909.3835720725365
-3618.256991853439
-3774.642472218743
-3532.063291413477
-3560.9054120642127
-3926.38120836193
-3562.473813622228
-3829.3662620669884
-3848.636510865209
-3442.0784360023285
-3496.2695194437006
-3905.109470975346
-3860.0888359342143
-3448.620325440299
-3629.6928502996007
-3615.2509138204023
-3466.835298018394
-3873.3299156716316
-3630.3805014062555
-3723.6325641568405
-3579.8849838928695
-3826.7720448872333
-3545.1472145392368
-3467.698508555458
-3790.0705482482213
-3690.729979379346
-3891.854887977135
-3666.9538678844383
-4063.894320031187
-3812.5822197566686
-3941.765637284111
-3647.345729281355
-3711.481483004392
-3531.662064324381
-3926.2908999250435
-3949.585435545045
-3646.6351855921694
-3702.0046213283913
-3699.2301729382198
-3656.4949690914973
-3568.7725208777397
-3811.073372046926
-3652.597919485481
-3536.5438158848215
-3725.6649101103994
-3618.9045047268064
-3483.883705358436
-3624.861929643965
-3919.3501907252667
-3654.922882218175
-3656.4755070879287
-3882.625159016916
-3871.297383729068
-3641.159134638034
-3578.5788392042105
-3381.231699472008
-3859.320640775736
-3562.062715485554
-3827.118910074448
-3796.7199160800546
-3651.9266123124153
-3869.702884644746
-3524.2778629622317
-3574.750514556588
-3780.0626657497664
-3593.955727883479
-3652.6214409702325
-3660.782120924616
-3562.483884344652
-3582.563581078052
-3620.1160619449442
-3773.3983438503637
-3562.9795126650847
-3899.3320649910243
-3665.1270983835407
-3461.346039697828
-3864.9296614545897
-3646.15980156178
-3491.2147603115077
-3557.8373511295604
-3938.1469941155788
-3429.9565420654762
-3640.248628792261
-3577.7091502287294
-3804.7140951678375
-3660.919732723069
-3665.968158165397
-3665.96113501853
-3543.063683459528
-3558.8712577927126
-3611.7750139009177
-3833.695050019245
-3900.543363108028
-3645.267845671217
-3576.0877079033635
-3864.3547472897308
-3557.977629960719
-3709.085697419028
-3563.074227636814
-3483.817792988332
-3874.8318568392356
-3586.5299367915036
-3547.0572196188095
-3459.7093723797866
-3901.698593036803
-3616.687713201401
-3597.398757977775
-3624.704065791112
-3576.8680696499637
-3590.908540376902
-3600.3368957202792
-3920.0871413672494
-3445.176638028735
-3475.2221854265654
-3881.0258415954104
-3438.382738965281
-3604.702357903322
-3937.8410069517595
-3835.820277238869
-3531.9986317116413
-3621.2161831029484
-3591.9449804825717
-3474.730867670024
-3898.705080764333
-3522.415440715439
-3856.135105218837
-3953.2045904560223
-3777.745844222882
-3705.328864900012
-3598.441186168281
-3925.239721153781
-3714.5318808764227
-3526.4835331288737
-3447.0513405245806
-3570.5724606883628
-3624.0210687509907
-3546.0106991458733
-3619.808865915132
-3588.764315825112
-3868.1925258318706
-3516.5863517627786
-3948.3106088651807
-3571.9000250000777
-3590.860706757873
-3825.0660038029187
-3521.315786544194
-3861.5270668443663
-3581.6577698402684
-3620.587327013322
-3936.4905869722743
-3907.3841409306583
-3691.647877038929
-3579.441553215077
-3553.9131895361943
-3893.9375192211814
-3587.797725564165
-3525.0563730812387
-3877.628776044021
-3657.639240179373
-3851.5327857780635
-3493.363771786433
-3921.6553320147696
-3601.8859896650843
-3703.0722330596227
-3611.0023026931626
-3928.272501707617
-3655.680799810032
-3706.361055158508
-3864.6174738242235
-3548.4118264275353
-3957.9315087698155
-3698.7424295784353
-3595.542570804393
-3957.5074086538957
-3848.1874445758585
-3595.3470430968205
-3631.5513180795783
-3626.99575631548
-3408.7527908382817
-3837.2206537677584
-3673.334585198783
-3684.4652812129234
-3258.0723078331694
-3258.673726063669
-3259.0364224450655
-3261.257758768169
-3256.9043381838055
-3256.5588950698116
-3262.067948432378
-3258.4502589413523
-3257.0660319403337
-3260.689944381395
-3259.006032260609
-3259.3123813620014
-3260.289300483456
-3257.9962961711326
-3260.342499989332
-3258.02069960744
-3260.238708181579
-3258.210913772018
-3259.803564699776
-3259.200845589589
-3259.3207952867556
-3263.640214993867
-3259.753350139625
-3259.560859478571
-3257.7828219749986
-3259.8745872627283
-3260.6251037953775
-3259.759323929215
-3259.8178724334875
-3257.031081101859
-3260.91456248753
-3259.2287346395583
-3256.495170515578
-3263.618416445703
-3255.785858454934
-3260.0192658078527
-3257.931245026624
-3258.399368804908
-3258.5600392265155
-3260.930926041278
-3259.429880420596
-3257.8752668549882
-3257.825003644073
-3258.7186481234116
-3258.6295353979563
-3256.890942765397
-3258.9768685985846
-3257.816110962109
-3257.299336777946
-3256.4512916298436
-3256.4026755908344
-3259.1405433812924
-3262.894217854517
-3259.7600001578053
-3259.4952335293715
-3258.857383848472
-3257.5142416385834
-3259.2909956081985
-3260.9182172009914
-3257.9616531718057
-3257.828812458433
-3256.890521736951
-3258.225438439891
-3260.3136018923738
-3261.6399114088317
-3258.6540002117567
-3260.4984032234324
-3256.9255931639004
-3258.8610086547687
-3258.923675033784
-3259.3220976535804
-3257.48771438416
-3258.0195589691716
-3257.933185256813
-3256.8141336446474
-3258.832824136917
-3256.767696939425
-3260.9831868495958
-3257.1512942370114
-3260.7522152851543
-3256.3543441708894
-3256.803517360264
-3256.651453720373
-3257.6611042991003
-3257.5337082615397
-3258.065937345555
-3259.098308302458
-3257.726564159942
-3256.079733539034
-3258.7992454053992
-3258.854928914252
-3258.9967162950206
-3257.1439616535654
-3257.60833966993
-3259.5436125712745
-3257.9951741258687
-3258.7535595316767
-3258.1481742677156
-3256.6903789657017
-3257.5172330425303
-3256.94937315164
-3257.538325766676
-3258.0606465977744
-3256.345536325856
-3260.0513054040553
-3258.6582324923747
-3257.8000296142977
-3257.9041801001626
-3256.0693990183204
-3258.9495803693917
-3256.726626635908
-3260.514700033863
-3257.1384663877334
-3257.9236227565634
-3258.1308676850012
-3258.4267804353653
-3258.898330842124
-3258.7953618399556
-3256.6603056812583
-3256.817733623709
-3257.099175226645
-3259.53209434953
-3260.468342697272
-3257.333782223617
-3256.225412026372
-3256.5873205042785
-3261.1881350457115
-3257.928438516056
-3261.5214729412783
-3257.1152176613623
-3259.812989075691
-3258.1903273576295
-3257.800376257252
-3259.120595524833
-3259.183261421824
-3258.830530423582
-3259.3470664005886
-3258.179023930148
-3259.0186562854688
-3257.2585827277753
-3258.06638079822
-3258.2726204300134
-3258.755266470864
-3258.050874279433
-3257.332833728538
-3257.0802730028417
-3259.971537622167
-3258.494552895575
-3257.5492605642526
-3256.518494934422
-3256.7949772354796
-3256.6923793593214
-3258.169118835954
-3257.5188110777526
-3256.886414823469
-3256.744150486605
-3261.505414960187
-3257.428070679927
-3257.8075279943664
-3257.2203618192516
-3256.059796465123
-3256.054064194226
-3257.6247340982645
-3259.186996577423
-3257.13572888904
-3257.5914980273365
-3256.826537433251
-3259.4185179210695
-3258.5057436088664
-3256.0507749822705
-3256.52560241396
-3257.778452599977
-3258.4616994831176
-3259.8825163920833
-3261.064198532148
-3259.334816700953
-3256.7399632434685
-3258.84811707639
-3256.1060366707366
-3258.9187627193505
-3257.5593506899213
-3257.288038773611
-3261.1861097378323
-3256.574171573302
-3259.7818897862307
-3260.326420591022
-3257.450930345118
-3257.189300101509
-3259.471079039915
-3256.2986896531465
-3258.611224046197
-3259.8281160702345
-3258.556175639928
-3258.5407905979255
-3257.429355894457
-3258.768968700937
-3256.552240084764
-3259.0234470672603
-3259.4500773050668
-3258.894677533467
-3259.6001985417324
-3257.332002485706
-3264.1815941107866
-3259.4385177214185
-3257.6791719687044
-3258.704622553768
-3257.300466934334
-3258.3537742985786
-3258.5964905175574
-3258.1581147807915
-3257.832693065619
-3258.67869369804
-3258.098249782534
-3257.837088431167
-3257.0548339522093
-3258.238770374959
-3257.4265926335497
-3258.253041278201
-3257.2012344649315
-3258.669027209465
-3259.144733171053
-3259.5859490269067
-3258.373929651999
-3256.731986162082
-3259.802824068988
-3257.994181771229
-3257.458008296622
-3258.5125608475614
-3257.2930991711105
-3258.098450899279
-3259.6699493535853
-3257.9496956998814
-3260.473045174881
-3258.13204813407
-3257.864377638325
-3263.1167028572067
-3259.1558862175752
-3257.892732717523
-3259.4531907188434
-3258.9532222847056
-3258.2600930515127
-3256.602853170318
-3259.8722887494305
-3262.880950354243
-3259.2220092423663
-3257.6011768307103
-3258.6689797004747
-3257.843430619422
-3258.0057578851984
-3258.691280666899
-3257.7292441058435
-3260.5343036727186
-3263.2818232445807
-3257.221766384529
-3263.5295520420937
-3258.377537041389
-3258.7295775617445
-3258.283498253807
-3258.1032821776566
-3263.1697168647456
-3258.838962371309
-3258.4039501694438
-3258.0843824369517
-3257.94924920242
-3257.6951926106954
-3257.687092634924
-3257.738176421501
-3259.7799180895568
-3258.3235611543146
-3257.2410879145355
-3257.697728792346
-3260.2741471425975
-3259.322693097191
-3259.6730768300977
-3258.045210138669
-3257.5212437800205
-3258.3437010464054
-3258.5019612042224
-3258.5776136924924
-3258.3513874892815
-3259.0679011772704
-3258.2860255325845
-3260.091799852684
-3258.5761251987838
-3257.4771693683383
-3257.3996267450025
-3259.3889529827234
-3256.696450693551
-3258.298109211879
-3257.9334147728123
-3259.121451732081
-3259.17553739878
-3257.348703100823
-3258.8030666786285
-3257.802649100171
-3257.2036290046008
-3258.8339313343013
-3260.3943665475836
-3260.426490323198
-3258.629216145906
-3257.6255634273407
-3257.254331429686
-3257.604788090077
-3257.770019605803
-3257.226370016208
-3258.566050571397
-3258.0011282822925
-3257.3265279722664
-3256.991984706891
-3257.428240690196
-3256.7803731670683
-3258.746945457816
-3258.7925085181746
-3257.612550716304
-3258.851353074845
-3257.4200673412306
-3257.903834882001
-3259.0781735901373
-3259.9747787527235
-3258.850010008144
-3262.8064740249606
-3259.73167682073
-3259.7764238955942
-3257.337532251177
-3257.331681610069
-3257.0048180709423
-3258.803102134428
-3259.3549619731143
-3257.5423674003478
-3258.6987310058153
-3257.6126580174673
-3258.229577974911
-3257.666021068452
-3257.7598774603903
-3260.5382938348603
-3257.42761057138
-3259.1369306333504
-3256.880972936598
-3259.345071150664
-3259.7231506662865
-3257.87461835406
-3258.3769653935506
-3258.2867972689255
-3258.6212985810007
-3258.10064953544
-3257.956336397832
-3257.6754027346465
-3259.5189776948646
-3257.813522051671
-3258.770354708175
-3262.8608916396493
-3256.741270501923
-3257.9585566549467
-3258.62527547855
-3258.8595059363934
-3259.291320957104
-3257.306052419681
-3259.9054565518113
-3260.982082760343
-3259.3980258580455
-3259.72397837948
-3257.133307129967
-3258.317290783936
-3259.0792418238234
-3258.2663411976155
-3257.8994572075735
-3259.42879943498
-3257.1891467922947
-3258.273549466004
-3257.7255932911808
-3258.770069530655
-3257.155530836962
-3258.7415212119636
-3257.673173526097
-3257.8591560049954
-3260.2679520709808
-3257.3424711785697
-3257.823310125158
-3258.284307152671
-3257.322453515002
-3258.8370970130395
-3259.4079056144597
-3258.9004753814797
-3259.986195369566
-3259.519120627651
-3258.7528072712585
-3258.3228241139277
-3258.0232857061474
-3257.531920349338
-3260.309305830494
-3258.536373099901
-3257.9462073882924
-3258.3741864164476
-3258.801841657893
-3257.899898488747
-3259.046002302215
-3257.204673370416
-3258.4621240774477
-3257.7041660639748
-3258.458822009797
-3256.975159874327
-3257.0104777198003
-3257.1951477156313
-3257.5994789750303
-3256.2374578039758
-3257.544120946521
-3256.7959677978843
-3257.4732772712528
-3256.1678355664953
-3255.8591922641162
-3256.6873253582094
-3257.141912524454
-3256.5145206922316
-3255.735965068086
-3257.2945481701468
-3256.682792731146
-3257.4267927621986
-3257.273195350215
-3258.105319304198
-3256.218271366549
-3256.313468900362
-3256.017093424428
-3257.608618636776
-3256.576682300618
-3256.5974975696627
-3256.542688732332
-3257.2612982542
-3258.131300569019
-3257.057198644709
-3257.0281414795213
-3257.3192144589857
-3257.735802287333
-3257.34667872542
-3255.9196215235183
-3257.271767150013
-3255.97915211677
-3256.5204564909095
-3258.895453739855
-3258.9402371596234
-3256.7760828335745
-3257.356880604011
-3256.1787620338964
-3256.9771661692143
-3257.351231833981
-3256.1452544357453
-3256.8443094633535
-3257.6183868216594
-3257.4287980691347
-3257.1105820590246
-3256.9074624089917
-3258.7546723875307
-3257.8668033785034
-3256.8821933274166
-3259.331433278654
-3256.3789366310166
-3256.7453955354013
-3258.9968879994053
-3257.621811374368
-3256.0663527076836
-3257.0890884398655
-3256.525854096864
-3256.92673281204
-3257.0811491227746
-3256.6731481027987
-3257.1466899661164
-3257.9963393214607
-3257.83254726626
-3257.4152970368095
-3256.004006455341
-3256.1793672569215
-3256.158405045257
-3258.1467851587295
-3256.1041706462115
-3258.6720680189264
-3256.2082765613113
-3256.5812303563935
-3257.4261087151112
-3256.649840874921
-3257.686118667091
-3256.733551027242
-3257.39045729744
-3256.439108723304
-3258.3516132275145
-3257.1564099779816
-3257.8306026172513
-3256.9759575193675
-3257.6444492409155
-3257.9322797767986
-3256.359122227157
-3257.390409135778
-3258.031405036029
-3256.7985502946653
-3258.0701219190178
-3257.078654982745
-3256.872610885355
-3257.1775344834014
-3257.4880435084574
-3256.8995792222368
-3258.1528418857647
-3256.8475171118625
-3256.9392380090662
-3258.169491371603
-3257.3671724792684
-3256.8162327772875
-3257.498771326588
-3258.9900548848213
-3257.9296081591506
-3257.0504477699
-3257.4708361920125
-3258.2870851801335
-3256.764131466272
-3256.6448237233417
-3258.790279845871
-3258.7385103218994
-3258.0465170058637
-3258.067532494135
-3256.394035138038
-3256.461245271814
-3256.666321323432
-3256.4582713126674
-3258.454207280992
-3257.235107357922
-3257.299779721587
-3257.7448134168303
-3257.681824064348
-3256.420995786111
-3257.2309949272935
-3257.3130565475367
-3258.766189752999
-3257.03202252563
-3258.13072528691
-3257.1036543851264
-3257.2514561748394
-3258.0165329500524
-3256.6634125817986
-3258.0012832235548
-3256.2577321656463
-3256.4030798150943
-3258.1642284261657
-3257.07438634497
-3257.5205791485896
-3257.486848723515
-3257.3994425364413
-3256.6095103729763
-3257.4271109221354
-3256.763524330105
-3257.8239773173286
-3256.7769328762374
-3257.289139730098
-3257.726305443404
-3257.0645608305895
-3257.377056589954
-3256.8785380177264
-3257.3356258622744
-3257.0921790145753
-3256.741936950541
-3257.1852747950848
-3256.671549557985
-3256.024588438773
-3257.633925618867
-3257.496685374391
-3257.55264778199
-3257.766904194268
-3257.6108726774883
-3256.90921751067
-3257.3293175911867
-3258.114349204844
-3257.718788629916
-3256.4738153745047
-3256.8977116221163
-3257.419708710155
-3256.334176381849
-3256.2943518925845
-3257.0154302871683
-3257.322570228523
-3257.309241308868
-3258.0710109524684
-3257.8535512223693
-3255.880540403755
-3257.4018689836826
-3256.3901258041096
-3256.9322786082917
-3257.351158987501
-3259.095423728788
-3257.7583892047055
-3257.12340832366
-3256.990833308398
-3255.974667586293
-3257.0693994363064
-3256.8701245069815
-3257.209297958178
-3257.358575213117
-3256.357994719185
-3257.903773834948
-3257.4366337136757
-3258.666725670911
-3258.351185766676
-3257.600322531183
-3257.5179761792956
-3256.714274005318
-3259.0353404748575
-3258.810189660376
-3257.942396886333
-3263.583949905263
-3257.765171559319
-3258.4399157273147
-3257.369142670808
-3258.0704680186273
-3258.66591954593
-3260.1112524697514
-3258.712461923829
-3262.981746703459
-3257.2644237971817
-3258.0604144918602
-3257.605868537945
-3258.681876031148
-3259.281130380536
-3257.5440104446266
-3258.9009353005827
-3258.670044385639
-3260.0363320775923
-3259.496710210847
-3257.6823545162288
-3257.4528174864677
-3257.885230444087
-3258.499377296952
-3258.324332486643
-3257.311452361639
-3258.9207681361067
-3258.8807619134336
-3257.6022323371835
-3258.831561447349
-3258.946483172286
-3257.359124826459
-3258.7557506792427
-3257.459588092699
-3257.4913241591635
-3259.122371726318
-3257.351292507701
-3258.9723023495008
-3257.57529329979
-3259.054779658081
-3257.4460845098656
-3257.6974791822604
-3259.2357629425005
-3257.5023815689437
-3258.309720535469
-3257.5001984343494
-3258.575116991175
-3257.9805810623952
-3258.5644336578152
-3257.560930264337
-3258.9373566674576
-3257.760065628171
-3257.909915643131
-3257.8315770267013
-3258.8464601460873
-3258.6441345876146
-3259.0316430114053
-3257.600036514512
-3257.250207427696
-3257.491688644238
-3257.964684425009
-3259.5819402079196
-3259.572663744776
-3258.6647869981894
-3258.035825098389
-3257.768162603116
-3259.077173413619
-3258.218377577183
-3259.096064441716
-3263.584927387964
-3257.854166934282
-3258.229790088829
-3260.3692280998403
-3257.1686030481683
-3257.650315832678
-3258.3485323907134
-3259.5030316790067
-3257.7692677489786
-3257.5004593147837
-3258.523725054393
-3257.647657720676
-3257.7581233751894
-3258.2755884467283
-3259.3829842929185
-3258.709600518842
-3258.697401195362
-3259.1345708679637
-3258.2743074380674
-3258.714415727552
-3258.9706287664935
-3258.685317861282
-3257.4142980367424
-3258.341494710427
-3258.96011105731
-3258.0608787790616
-3260.0557986214785
-3257.0992512953894
-3257.971706582721
-3258.522173278351
-3257.6401833044715
-3258.7933569478714
-3257.1933596009508
-3258.998792446649
-3257.415631045369
-3260.4854221600117
-3257.8529592490972
-3259.156747350938
-3257.8494105800182
-3257.6112873661996
-3263.740567140834
-3260.0082408458484
-3258.9459954945496
-3257.5014613177736
-3257.587780724823
-3259.425724726633
-3260.0271598569902
-3259.375207649381
-3258.4656314099834
-3257.391640149414
-3257.9174708797455
-3263.252687241522
-3259.573805212689
-3257.4912181657055
-3258.572729309354
-3257.967089959434
-3258.253370280236
-3257.3465288112893
-3258.2529615908707
-3257.7624566677637
-3257.919943975522
-3260.0218883056646
-3259.3227975218497
-3258.3902935698184
-3257.4534182529133
-3257.1572094299254
-3257.7597007131267
-3259.4994550405236
-3258.4432719126235
-3259.3633354069566
-3257.694330566573
-3259.213386315034
-3257.813376207185
-3257.7429751667055
-3258.8533851876373
-3257.685485210667
-3258.2144552097534
-3257.8615482212
-3257.4660235324245
-3258.34339084899
-3258.5462098075486
-3257.4013334565916
-3258.004863573887
-3258.438459658293
-3258.1033938716178
-3263.2883685124725
-3257.647947837312
-3257.795802987167
-3260.10166356459
-3257.513882974347
-3258.3091054178535
-3258.2952145711074
-3259.1710081174574
-3258.168486604549
-3257.281669973649
-3257.5019068302863
-3263.627116697611
-3258.288504691149
-3257.7050328558544
-3257.685041038329
-3258.057411632126
-3257.8796881881194
-3258.8848248690247
-3259.4183492142993
-3258.6247740636163
-3258.33843204096
-3259.526650123204
-3257.8261855461624
-3259.948972731387
-3262.9615358713245
-3258.7923704254845
-3257.848449695373
-3259.243868456582
-3257.631682416143
-3257.454918990338
-3259.192329647563
-3263.5993768417234
-3258.866523153869
-3257.6356102906802
-3257.3372737955788
-3258.961634422637
-3257.381228636025
-3257.677242726065
-3257.975540989176
-3258.4666018619237
-3257.217552260691
-3258.923062137618
-3258.0328587540475
-3258.518851882309
-3306.1486572026133
-3352.043751219144
-3309.5716945225226
-3304.261478771357
-3329.674452815947
-3296.525164693656
-3311.424224957427
-3311.0398029542484
-3302.914955807901
-3308.979128039732
-3298.334626918287
-3323.5588367131477
-3310.1039115945646
-3315.4291232999294
-3301.55103614061
-3309.106712885445
-3290.648762245115
-3290.823317496351
-3303.2260033980615
-3303.229742283693
-3303.167719135002
-3290.179923070413
-3309.575564692193
-3317.511740759334
-3289.631336913091
-3324.2385063098163
-3315.411654742619
-3291.143774824485
-3323.5799769992595
-3329.353833199641
-3296.2691708118755
-3309.0299490687385
-3336.1720453873495
-3289.469797605674
-3289.675436739753
-3316.200157027295
-3329.4150391475328
-3289.6859645314466
-3322.372421186279
-3309.3439536462183
-3304.406251744518
-3302.8772182498615
-3305.233587561127
-3310.538242033911
-3292.4973498225722
-3324.1619958242236
-3322.5999258163797
-3303.0427736723336
-3310.2234174711216
-3295.6273122528537
-3318.817878015263
-3284.3478665637126
-3329.7588042841976
-3316.4083926699795
-3316.364821317228
-3303.9140562088332
-3322.3431483754507
-3284.944993794731
-3302.667693899969
-3290.4018970426177
-3291.9045076431385
-3297.9981233987605
-3317.5288462336603
-3316.2345867639892
-3302.8717597633513
-3297.8299086697325
-3288.874744997502
-3303.2513343990354
-3297.9084282961962
-3291.1347361591866
-3290.27586956794
-3298.9659816948024
-3297.0117219097842
-3290.7784605031597
-3309.92114267237
-3303.4321790374897
-3309.9598284431954
-3288.8846968450216
-3279.1729825625653
-3303.891053860505
-3284.045114897995
-3304.7931445717254
-3302.541420932781
-3316.7317562288767
-3282.2375238222803
-3311.147372725088
-3309.7677345951647
-3310.4838545537714
-3316.4994130488317
-3296.4848852112964
-3292.1595446145952
-3297.3404176905315
-3304.6299546622463
-3297.601010906384
-3310.801407276264
-3302.714589434411
-3291.1178095590485
-3305.707063824858
-3312.03870723857
-3290.6143046511825
-3323.440471952084
-3289.7229158513064
-3283.1339469677882
-3317.864787196354
-3317.8151221859675
-3303.190528453262
-3304.911638555001
-3303.0692799836197
-3297.1574043582586
-3284.957526357424
-3309.0979895222727
-3291.4481738501513
-3304.4606262507464
-3283.7508735004894
-3316.8881378996352
-3303.621921508023
-3309.26311539367
-3303.303829739036
-3291.023908830591
-3294.4457031564307
-3291.728639817911
-3292.0427210516636
-3297.421833619188
-3302.6026782739505
-3303.151114810719
-3330.1928964320473
-3322.0846394722616
-3323.5421127352574
-3303.978868358035
-3297.0860298383745
-3296.699424851989
-3289.0788695428505
-3304.927830567214
-3298.0738831434865
-3297.3452385043233
-3291.3959794113493
-3278.5980815943876
-3298.2166396139496
-3305.5162229898
-3295.6400333018587
-3322.095234281375
-3304.568462993209
-3283.785277671186
-3309.7926698185706
-3304.6148292245234
-3289.1647601532227
-3324.9825196817224
-3290.773733978386
-3309.9395898310436
-3289.774432001434
-3330.38038599211
-3297.0024121214055
-3301.604786496468
-3311.4773671571807
-3283.8243911743734
-3290.755017039743
-3302.4124561495246
-3323.919812739937
-3303.5937268837197
-3317.4990615384772
-3302.877634351683
-3315.8357253085655
-3315.597697999732
-3322.8952860893964
-3310.207032364488
-3302.843843111029
-3292.6759351050337
-3310.3997343619694
-3323.012398947853
-3330.6539654280186
-3305.0875478592875
-3284.360479073254
-3297.4825924535603
-3295.2959727953485
-3309.92952670245
-3304.132958448459
-3296.594075617279
-3303.593302033329
-3292.0767878814986
-3296.0806068561783
-3303.323491411416
-3297.352403772166
-3322.859728205447
-3311.2118012893256
-3323.356169061177
-3283.176492651941
-3290.856198085067
-3278.3588278329357
-3317.4064774401904
-3329.823509624706
-3295.582884090879
-3303.5335973872434
-3283.720989176475
-3299.7863645692064
-3327.9191106838534
-3289.1685732628516
-3271.8860977841186
-3298.4907455032508
-3289.84196956576
-3309.340436014616
-3309.977350480937
-3417.9912339861107
-3586.9853644052173
-3306.240296086435
-3454.8669450490015
-3230.065844582856
-4766.009738561339
-3441.899808327332
-3793.798949071956
-3475.9431662210795
-3446.439846526634
-4512.286898585142
-3321.2290833586367
-4318.419947712026
-3775.136519031479
-3233.4263548843633
-3434.1428437069035
-3521.3465214231032
-4059.03269846142
-3681.454557427205
-3398.5439159310195
-3978.0173258583313
-3483.6169631053435
-3483.730338662933
-3504.0792552295943
-3392.2350245796056
-4138.610623886371
-3287.9413706963023
-3275.3275358386836
-3344.369985819173
-3571.7825731418816
-3396.930270211381
-4387.618141961642
-3677.207890110196
-3415.1028233201846
-3366.4936683628734
-4576.061569087956
-3504.679259656598
-3631.504928260762
-4218.458329581819
-3829.1166746274666
-4507.617907693005
-3354.32970080398
-3674.69415750157
-3783.254921824446
-3539.501145514314
-3543.0347322765524
-3316.2585439360214
-4052.2023771900494
-3419.9127650260684
-4125.75272203212
-3544.666456265311
-4448.266697814575
-3905.7175477887836
-3426.390713434804
-3940.2715371030627
-4322.026261470786
-4574.576886805508
-4436.194807323961
-3329.6030800153385
-3581.089432053642
-3845.2453234402624
-3337.580802175798
-3880.0469987580977
-3800.6043770613446
-3809.6090596347694
-4490.036660945937
-3290.8605444949367
-3349.5583750968603
-3369.470204705294
-3283.107702004177
-3369.1268326983745
-3918.775937952409
-3917.640160875571
-3504.992762847047
-4383.100252492524
-3768.2124583563846
-3347.0259532962573
-4463.582586466408
-3465.969978339011
-3407.4960756054807
-3781.9885210768443
-3370.3216290131722
-3365.227395457603
-3380.44507709087
-4171.550325406512
-3481.939863324644
-3606.7262592425323
-3227.617737927794
-3409.64714442225
-3559.29355175623
-3470.803758644973
-3293.456651926648
-3472.4230341672232
-3343.9310992636388
-4002.755900961394
-3537.205428344804
-3451.6361131199524
-3453.0322219504965
-4572.526787414899
-3471.585923916376
-3285.115935529015
-3557.5937948863284
-3642.381321859198
-3698.2079855841025
-4015.406113988829
-3424.1794796874783
-3257.5078215419157
-4167.588985062189
-3299.3885223650145
-3523.329371461662
-3198.103098989089
-3560.6176277130708
-3288.1220752535214
-3566.5143151670454
-4224.640332184812
-3231.480761826642
-3737.848720304867
-4018.1203793682444
-3554.732644808619
-3399.667783357453
-3933.979422196266
-3994.7424091414678
-3254.4603678567664
-4578.697492976803
-3541.514569227591
-4105.659685270909
-3297.715882652795
-4630.025803847
-3464.6534314438545
-3682.754913821775
-3421.549651168677
-3430.670506286749
-3276.6119161884994
-3498.178913168129
-4391.762100862096
-4070.188682670816
-3336.0926571776254
-3804.6196623538663
-4372.01605939641
-3622.2083533677287
-3437.3516960282636
-3460.1320550016962
-3933.267360889739
-3401.673269836033
-4125.532049033427
-3514.0251454105723
-3828.188971022243
-3539.6820985639247
-3992.1966162212266
-3449.3728765231526
-3328.3612798067425
-3668.440312221722
-3936.7289693517696
-4150.368035563605
-3936.7452323140874
-3495.647948074597
-3582.062340371672
-3419.0488264136825
-3465.0143678122427
-3499.214173103021
-3730.917794749602
-3272.901513756757
-4379.652096379086
-3599.5552121288097
-4342.103423762092
-3223.5491712228777
-3440.906404355796
-4768.909616713648
-3520.121560019326
-3438.096361475235
-4086.883682721226
-3365.7537708946447
-4204.509251963902
-3326.2045970643853
-3839.1877709298096
-3611.210389496731
-3289.01678459687
-4680.76428860139
-3189.7560964788345
-3952.463743995049
-3475.279615499581
-3369.4027538092214
-4007.1388343768003
-3403.7021671358566
-3229.931333275182
-4044.303486456231
-3188.0822338337794
-3875.499114008921
-3459.473328417896
-3430.2551309886976
-3400.3547615464163
-3634.352514939997
-3744.73116744617
-4169.432613453887
-3889.5290880224447
-3522.2667160561687
-3589.8467388687186
-4029.713766178566
-4231.28400019403
-3763.1211388488
-3577.9864066770556
-3699.7803503377277
-3780.2835631214407
-3773.7748803835457
-3593.054554313282
-3726.9670143727312
-3744.148554851254
-3647.236037046927
-3403.1767496960306
-3840.6668758423525
-3700.841312315991
-3662.6314562949
-3742.8295894311295
-3468.2379098754245
-3797.1242176701653
-3679.0236170925136
-3688.6113221623154
-3700.3902868520336
-3582.1550154833226
-3634.491554799969
-3675.4403553202287
-3610.5006766507477
-3761.6945839232517
-3658.697903121067
-3594.361362178348
-3849.3657517102756
-3516.4891275949985
-3690.9548379908497
-3803.945489391139
-3635.9759283036537
-3562.536748508947
-3735.1821199833553
-3886.218422612307
-3576.8630256720116
-3658.6013383173236
-3662.732655967115
-3546.073813974756
-3648.1638905919112
-3644.5023778119667
-3558.060262200897
-3501.404327419242
-3688.1709409526648
-3693.3383628268793
-3523.024174789718
-3806.9142458139136
-3627.876611393998
-3639.0864610582134
-3658.8995382069656
-3721.3006256788635
-3566.850375829042
-3677.296278842523
-3823.122838780383
-3544.940119337925
-3897.9129518760583
-3589.2997440493655
-3657.1013069416144
-3479.659053738255
-3718.6099826407412
-3462.931974150408
-3876.2855637031216
-3540.626386663299
-3645.5914059479373
-3562.1441662428965
-3750.66984002981
-3775.4429594447743
-3583.3862974401154
-3767.5918966758777
-3455.185852692855
-3817.4427123917794
-3667.336226079402
-3699.206148870439
-3648.6272306827054
-3851.4252295937176
-3780.31563853802
-3686.1692591365545
-3696.891552670847
-3733.3837952805256
-3616.6959235895647
-3776.532328693033
-3574.6668316098485
-3768.8927267795816
-3685.733723218928
-3825.4612550924135
-3684.0191477672934
-3494.8831169583295
-3786.58322241999
-3561.127687324828
-3797.370048681405
-3680.8047093190903
-3743.5587884688525
-3651.6693264623727
-3558.3075791436463
-3636.5947411885068
-3611.89601099116
-3819.1862408467114
-3541.7279563746206
-3915.7786527073936
-3737.218576254202
-3614.040700179653
-3636.676156580566
-3786.950736365661
-3601.310479517785
-3510.6088704901076
-3928.4622577138816
-3490.1652902345436
-3772.6905487651666
-3755.233884346969
-3606.9306278617105
-3820.0448265629093
-3470.2534517455606
-3661.5885918826925
-3666.61066571555
-3798.3924936168473
-3845.4808637552296
-3785.7629999549135
-3746.2249009986313
-3453.682433575119
-3637.120212258476
-3578.4600192012003
-3754.1937606330507
-3769.3102118485817
-3625.027863096044
-3713.756969671986
-3718.6256759317575
-3708.7448529190706
-4012.4416286813116
-3971.3013548099725
-3664.0763361290306
-3821.920745885424
-3564.7368954410895
-3541.5189564821494
-3759.361824052407
-3446.648501177856
-3718.219023379506
-3684.8951768226566
-3704.3928702226603
-3872.711417003146
-3912.034578329182
-3741.1509131369858
-3611.4671766645088
-3657.215209450327
-3660.781503990815
-3902.452514707806
-3584.6953045633572
-4129.788664314718
-3725.403355033338
-3448.650082409931
-3715.7303971578617
-3577.439392057816
-3969.475133083714
-3792.612120936784
-3787.802646665502
-3904.84764347722
-3776.6887400454425
-3609.5802632984864
-3743.853981211643
-3617.875122453679
-3511.802899518346
-3906.8609082366097
-3568.3894523757867
-3589.8229161928316
-3803.528336326878
-3594.7746252599372
-3543.813609046966
-3758.2631661945034
-3754.280540778168
-3715.817450927615
-3822.405958376829
-3562.3189033235185
-3678.5721956745233
-3653.380827401303
-3873.852471098643
-3864.5193021038885
-3888.087148422743
-3916.338229444468
-3547.1214305859176
-3524.7970055011597
-3746.21507261247
-3665.2988017985035
-3775.759758327738
-3763.43186252182
-3648.7937376921204
-3617.240440285177
-3854.151996508032
-3501.8882101708173
-3672.453625907981
-3719.3660601313045
-3548.2066680030825
-3724.808671092816
-3915.7522900618883
-4040.2869121217213
-3707.8136756767217
-3736.722468725232
-3510.8340920763535
-3637.7139236569833
-3743.609998249318
-3518.2115678286805
-3757.70455747197
-3704.8742246950683
-3203.859762716992
-3213.893088715436
-3187.43247348971
-3201.8238187382817
-3189.2272637209385
-3203.4386577721725
-3174.7209667131046
-3191.764470464975
-3190.609388934486
-3174.9867674939023
-3199.2017458530654
-3195.9375550212094
-3212.372790548437
-3178.6439613663315
-3196.6545168742914
-3192.096038903002
-3175.4877699132726
-3178.7852889807377
-3215.880424860397
-3160.81820058593
-3184.343848277118
-3190.0884586108536
-3212.3698837728825
-3201.577753628235
-3197.794461206068
-3185.5528524571655
-3184.8876545203875
-3194.564037311301
-3188.30351847229
-3175.078473114074
-3185.279533034518
-3186.032247848334
-3184.3320663333707
-3181.6651284013196
-3207.5144807758843
-3218.785768898959
-3179.114534484336
-3191.9347162561517
-3189.6428598375096
-3193.750880077702
-3185.5083696265187
-3189.044536457217
-3212.0953937278864
-3211.4846783785274
-3216.4306621693213
-3197.4404286121285
-3177.669469546864
-3180.3236656842014
-3179.2098935979443
-3204.4168707488443
-3222.1582327088954
-3202.897793470108
-3217.0665828299507
-3217.4074566909876
-3195.311529947122
-3179.011182476947
-3226.1256608351096
-3168.3328750820097
-3192.6845021420154
-3195.402665185489
-3168.93125415033
-3181.7252343706555
-3212.228901006228
-3180.012846322097
-3200.7367273252935
-3206.4957955544432
-3211.852045185514
-3211.4690686085255
-3185.2072340841937
-3197.4782770241086
-3188.9627890519023
-3183.7245151742036
-3169.8017634308935
-3184.845175870838
-3195.920678872549
-3189.2417052928804
-3195.567278354441
-3196.108838667777
-3242.8446634521574
-3175.7157800439504
-3173.645925512682
-3188.874112471664
-3163.5412618444248
-3182.9354576188025
-3194.512239973607
-3164.041527039851
-3185.33155945228
-3194.2794317851867
-3197.408637131236
-3195.4020341486766
-3210.9222539535476
-3199.0941557140427
-3200.980783987379
-3182.757510417763
-3180.905727878669
-3193.7126149409282
-3191.9803897653583
-3197.887866451237
-3212.7371472335103
-3213.3410624618014
-3209.6335697281284
-3204.9401719186153
-3226.421058077752
-3231.151605562631
-3196.116396662195
-3223.007475370012
-3175.255825640605
-3186.880828637239
-3195.6839596987907
-3179.0178587600644
-3209.2228701711115
-3205.0878821321116
-3217.365535822489
-3205.817496673864
-3184.7835146441807
-3211.0960953056783
-3195.278713957556
-3178.1945822447437
-3195.643099812058
-3194.3580754640407
-3189.0302981810073
-3187.9295951180698
-3195.714125841545
-3202.9896170747506
-3182.3757407169405
-3192.9945870867805
-3198.2385542276634
-3190.845854845687
-3198.808130275754
-3181.062006626389
-3177.2542340906084
-3211.5597417445215
-3192.155593222253
-3201.114381268267
-3183.4725487165097
-3215.491948569135
-3184.9127481592163
-3190.4901620285414
-3202.8746733201115
-3209.8506192467553
-3209.7336506687975
-3193.6742729019206
-3196.494763130234
-3197.856306458322
-3216.857744872596
-3170.7838888236524
-3180.5597555138697
-3190.016485420643
-3189.2600428525116
-3196.377398678372
-3175.56098541304
-3235.5606519738694
-3209.637753738945
-3194.660465380648
-3181.478248322982
-3196.259818800732
-3193.259286103032
-3182.1608653503654
-3184.609950776453
-3199.2973105001092
-3190.181389141703
-3190.9187718123553
-3204.0297003802048
-3219.026838916448
-3168.987762093149
-3201.7914294820216
-3209.654328754583
-3194.5290069553234
-3182.3778692570263
-3179.6142085275046
-3196.4987941012687
-3216.5866197908613
-3182.963672262586
-3202.0187689616946
-3187.07726186819
-3203.8592369247203
-3184.7397148126665
-3179.506174443201
-3206.68514293794
-3181.142076280778
-3182.7346591120877
-3253.0828178907796
-3211.8373213233963
-3184.8995922296317
-3178.942074620773
-3180.1850775479866
-3181.521016625307
-3188.689630188407
-3198.3611069112226
-3175.352204250532
-3177.6359572415895
-3179.835969351278
-3200.0834920169987
-3162.867555810342
-3213.33462266788
-3246.6059452960912
-3294.979227544398
-3256.048825547691
-3281.284798228201
-3254.146905539159
-3762.8796302085398
-3681.000997892583
-3597.422939314117
-3627.061657627473
-3837.7474966539266
-3734.7951097362115
-3725.6002660751587
-3796.24901121668
-3767.314999950179
-3663.600801389748
-3705.140705587628
-3828.473652117767
-3820.425772714477
-3760.168580167475
-3736.51945954851
-3644.1191811022486
-3693.286934006461
-3699.17796124836
-3668.676874949475
-3540.4635839428915
-3660.7857276054433
-3569.761709462736
-3813.1449818268698
-3695.9011617831834
-3649.903007987933
-3603.6926462232923
-3698.1294098951553
-3618.9666235256745
-3709.1349804803585
-3749.143889840102
-3581.9394493950467
-3700.336183684728
-3579.786131588859
-3726.6365299795625
-3580.330180898024
-3626.3947577161944
-3764.2117313903213
-3818.059210228619
-3775.228255593656
-3604.162773873928
-3752.897592930936
-3546.02337159074
-3595.5453802349043
-3668.8827865368203
-3721.566843371473
-3610.0035118378373
-3719.1385469705306
-3650.530888887323
-3701.163068619058
-3810.9274114246787
-3587.437771674302
-3585.6938340662614
-3659.4969586558705
-3726.8199166175614
-3698.4914358507044
-3650.424350853986
-3660.521739322292
-3660.439289498483
-3610.8760023092095
-3729.0814195314233
-3716.218264665457
-3726.9181804667387
-3695.2894955611314
-3630.381053460212
-3660.2009333079045
-3726.4789582045896
-3668.2168721959324
-3747.781966745363
-3643.1303366863126
-3695.4703981876933
-3681.6158924080482
-3742.754714648225
-3700.2040115993527
-3599.923499581002
-3769.3169679019625
-3769.7664028011304
-3647.2467269688614
-3766.1410048700454
-3824.8143959548797
-3752.465430320706
-3577.359298987279
-3749.650957111883
-3654.4443794743624
-3576.313064558461
-3619.881541068746
-3735.5148211341693
-3569.796967774247
-3651.870504281286
-3588.529075073864
-3664.6078295495768
-3738.833405729766
-3711.408388297655
-3633.7688137798705
-3780.9809406487184
-3742.022526557712
-3629.120383392846
-3887.8972011721844
-3723.8323441550333
-3627.725907534025
-3637.9976082646344
-3741.932581058492
-3779.6726131023247
-3567.547581175928
-3600.5932657126687
-3681.0564323056838
-3660.9088303736994
-3743.5248210563414
-3657.2996746701
-3597.828492149934
-3644.816881786311
-3627.2334527029975
-3835.0344617954092
-3647.6731682273844
-3710.58358430308
-3615.675007948749
-3794.53256942248
-3668.203679873577
-3685.8888591916
-3601.057869832741
-3721.151137263838
-3612.822519957622
-3742.745522907288
-3809.905393887342
-3696.452876309667
-3559.097607120221
-3703.7639234705903
-3557.739950167306
-3576.702860550068
-3728.295283478005
-3636.2877677189713
-3735.4562481868325
-3693.2865113603916
-3725.3287940158657
-3824.1039773108523
-3642.74649391663
-3578.300389619464
-3615.8884354321317
-3534.739371709761
-3582.3224146117386
-3737.595412085342
-3713.5333741116215
-3767.581863112164
-3648.384984761495
-3738.157301809338
-3757.91483913712
-3622.8283890602556
-3684.1505700434186
-3758.2685425603827
-3616.1440532522865
-3590.6426946035385
-3611.5557128888854
-3657.9440912513282
-3645.8696067984774
-3686.242845126567
-3664.2720257985884
-3655.080941647423
-3670.110241247866
-3646.037083175829
-3544.7950747263258
-3678.4982573761613
-3700.9183669169593
-3661.360489171219
-3766.613726517599
-3795.7673033014976
-3673.138134575925
-3743.7691223865218
-3603.742526661692
-3713.297607960165
-3687.4404941010594
-3616.818146438795
-3656.484448378896
-3553.667591256753
-3629.5276746675913
-3642.0291026734353
-3672.5449302451793
-3708.8495961627164
-3759.3768762554755
-3788.0362508026355
-3788.631977545445
-3721.953876583731
-3616.875882203488
-3678.363707458635
-3690.193934868404
-3740.7268788867955
-3753.318548639847
-3617.223102229252
-3637.495277997553
-3891.325265278268
-3605.805004187967
-3709.983871520972
-3702.341271806753
-3759.859639775974
-3658.791785875385
-3671.0787148545332
-3651.4996134808275
-3621.319470825882
-3645.437683322985
-3644.6679594411466
-3664.8939253428903
-3672.8532310615537
-3197.4138466583704
-3265.159338176716
-3229.6590407644853
-3178.4497333013633
-3272.8623086443813
-3182.963996873502
-3204.4975205027536
-3198.8889319719424
-3203.4959515689893
-3155.523131735871
-3210.4549007212913
-3308.4680448380504
-3206.850354198702
-3213.5941105863776
-3183.5287745514424
-3179.979917997015
-3170.8525193113164
-3214.676666952755
-3264.7475640259963
-3191.8601581000894
-3225.283535712549
-3178.764596312486
-3181.6229650108585
-3233.5374941785426
-3182.5662687418144
-3197.741186428768
-3171.9004907944222
-3198.710628173357
-3219.7901869186076
-3275.7899641866047
-3144.5745901228374
-3210.942461109894
-3246.767270057427
-3172.3792835742715
-3192.8567908194027
-3226.3012749289032
-3206.226126400189
-3198.931229335698
-3226.451445840958
-3194.138610692894
-3202.056666464056
-3195.0081038808016
-3234.680640136846
-3239.48331792436
-3193.9262371434993
-3191.9133524225194
-3238.82174412213
-3165.2191914329987
-3293.2380952678272
-3152.4576773482154
-3184.4650936577873
-3185.1297781211797
-3277.073440969069
-3202.4522265136306
-3195.485434333709
-3221.1138083293863
-3197.2505220038806
-3181.471173725548
-3180.521719892123
-3148.8479020948885
-3186.6947280020117
-3226.283997437369
-3192.609113243394
-3198.3903160056952
-3201.960751617138
-3180.188700159545
-3139.9963827083043
-3194.7515626119034
-3179.0880511579567
-3176.8433886534017
-3238.881988647061
-3166.902929540126
-3218.7030506031456
-3181.7085473279813
-3173.5257756775895
-3209.5108334047445
-3228.8392946214594
-3189.0845396714944
-3148.15418200444
-3171.9268058502835
-3151.881024114678
-3155.9368988320393
-3229.2720195029056
-3209.472699867032
-3171.8647567773887
-3209.0886764389525
-3201.9277923828495
-3182.869843817515
-3213.413995671051
-3176.0886795408974
-3207.8277818532
-3266.3580256023065
-3197.6764304025805
-3198.354320540867
-3209.7891911536663
-3222.133266667002
-3190.225316715111
-3207.7835227746523
-3197.2457992635204
-3186.5933143363163
-3240.8091384994673
-3198.15629006557
-3164.633841594522
-3220.966599781622
-3203.5412507329947
-3219.3598998440243
-3200.0057364214713
-3166.9527579940177
-3199.2519141048992
-3239.3790404861065
-3171.145061329965
-3182.3193691068436
-3217.815532310088
-3234.8686240437273
-3237.6910547391985
-3237.08460562455
-3225.669380564807
-3205.908512907863
-3176.71052286641
-3185.001872399917
-3151.8012377266136
-3178.9740496294
-3162.2415678236594
-3181.220596905554
-3181.135245278167
-3227.8218469646818
-3197.51247074729
-3233.8380460541202
-3167.740221990895
-3258.0807060924003
-3195.8402812218283
-3161.985005193025
-3151.6052574225537
-3194.031612638554
-3161.823577591044
-3187.035745838506
-3221.1040598529084
-3174.587548570358
-3201.3440893440734
-3156.169241582509
-3216.3855942999994
-3248.1527505701947
-3185.0149499586523
-3241.1021887931374
-3190.883758891778
-3186.946703771521
-3223.7321331704916
-3167.776011804749
-3272.8571244405966
-3203.441959075505
-3227.754298098472
-3200.734274083843
-3174.569508844404
-3188.526083635422
-3152.971387569341
-3208.0371564176094
-3215.201563072057
-3229.664650397619
-3180.2834494317603
-3213.3507629787864
-3230.946214101582
-3204.26132586636
-3168.808593641612
-3211.7702441654196
-3188.7401423179326
-3212.6604799644974
-3168.518759737564
-3298.882340128262
-3226.756236137151
-3190.2986121687168
-3216.772509370344
-3188.078675414214
-3147.1660680232026
-3190.8012333477996
-3199.832862360983
-3192.1444053152245
-3182.055065844748
-3156.0225311855465
-3170.59410726636
-3153.1111718553875
-3177.848798246455
-3215.053491496947
-3229.282428359753
-3191.290416468042
-3225.785745053932
-3203.199616264364
-3188.9784666963837
-3199.1636578844345
-3284.868098016538
-3230.929723757774
-3183.625040038984
-3285.9546538677932
-3143.4002785156786
-3181.1224479637945
-3241.0354802876855
-3152.1727194983287
-3195.6431036755835
-3252.1949996430035
-3159.679179959871
-3174.1713445164023
