-3250.429117138551
-3261.3030074633466
-3266.5158979432836
-3259.0816707846343
-3264.9671323782914
-3256.1850633492572
-3276.237898747821
-3259.4662190244594
-3252.1837786663946
-3262.1605296924804
-3257.518107816502
-3259.348917775669
-3253.7999216454295
-3267.871085037522
-3266.325876570404
-3260.688273235043
-3248.413419433105
-3253.3180560241267
-3260.7042566023238
-3244.969229911921
-3255.3230832930994
-3256.5882250805057
-3250.447007103103
-3251.5369989888154
-3265.052924526775
-3246.149781327322
-3261.8348871907856
-3253.4593118772636
-3253.819341359431
-3250.6612559948508
-3261.144379449916
-3265.4775184423615
-3267.60878880939
-3250.289890393951
-3258.889952439181
-3254.4845385214426
-3257.888592227629
-3258.666550783479
-3266.3811107247084
-3252.9824552128284
-3264.4991996124236
-3261.7033733737467
-3261.168028351702
-3256.281877669979
-3257.9272551213717
-3264.2393478793856
-3267.1471755487164
-3260.0187306169087
-3259.717282261125
-3250.701702952343
-3263.9111483639394
-3255.8836769856975
-3271.0240684241344
-3258.367448903613
-3253.9683459259645
-3270.65333779993
-3266.618857838271
-3262.730395238002
-3265.9421789589946
-3262.4305256806733
-3257.2179259704462
-3256.769137185928
-3255.8096998749193
-3260.5321569444814
-3266.613373196843
-3257.873694853987
-3261.155633233365
-3260.1293896346597
-3253.25617302287
-3266.4832596664965
-3257.114176138638
-3257.225616471643
-3263.1365743154447
-3263.155371038876
-3243.453937302749
-3257.0341138464746
-3259.9690268625372
-3248.9647251320894
-3261.275625807404
-3256.2970138817886
-3253.2181220743446
-3257.5342748195185
-3257.042918614991
-3263.401999652636
-3266.6340753209456
-3258.090888137763
-3253.226840676985
-3259.3303976613447
-3246.543143922866
-3258.923806171809
-3253.8778628710834
-3266.2858661835503
-3259.3117048810104
-3256.29974831283
-3254.8753682106003
-3261.3943765383087
-3265.4776143026284
-3257.2888477217093
-3250.467520019414
-3260.58324373286
-3255.919972025153
-3258.4952750303505
-3251.7687823617953
-3256.9700584635975
-3262.8067738407003
-3256.4155047671375
-3255.9493694612165
-3260.3341301154355
-3266.412327132812
-3245.0109233814746
-3261.003882547371
-3253.2912295670412
-3259.9459938201544
-3251.094681183465
-3257.8580341289835
-3262.1106528008163
-3260.996973298417
-3260.832133210672
-3257.7413638736116
-3262.1914712078033
-3262.8509312033448
-3256.29972598202
-3261.8849231639088
-3258.0677864164563
-3262.87554228956
-3260.9374655121815
-3256.2117440193983
-3256.288556486805
-3261.891572159489
-3251.1626430424963
-3265.262274965125
-3246.462643964466
-3260.7269710615064
-3252.9185470074763
-3257.0834657502865
-3259.660403726271
-3265.652247864825
-3258.5065211806873
-3262.3274918297
-3255.884824554664
-3268.7113157305826
-3262.8383103419187
-3257.4590697671733
-3258.9681585765584
-3260.991418583027
-3257.1941682504203
-3262.9361155028364
-3257.1119370813094
-3262.706619061531
-3261.3632956650495
-3259.4127428290335
-3247.4432890102366
-3267.6311257237644
-3262.868292513479
-3268.0879882427835
-3257.2081842752486
-3256.1246908744897
-3257.422862597605
-3252.702549972844
-3264.499260635684
-3251.9863746227643
-3268.543647370987
-3269.7870705686782
-3263.650337405829
-3258.745160276119
-3256.6126368793066
-3259.863368219637
-3262.4112532984213
-3260.7953835634485
-3261.2967677501283
-3258.872326879468
-3263.8153001115816
-3261.6906063842653
-3265.6634364413353
-3255.727661459169
-3257.888011570181
-3254.579359321331
-3260.25244444009
-3270.172049868307
-3251.6228880421736
-3257.458395099611
-3258.5398547609966
-3261.253431635999
-3256.8539644621465
-3256.6782644902232
-3252.784687146496
-3263.2947876138187
-3254.2803972669885
-3256.589081983647
-3264.9719655890144
-3261.6734690946596
-3257.9401689288525
-3268.107322132982
-3247.9369247502386
-3259.647174365899
-3259.2235985742095
-3256.5084625021905
-3254.377615639092
-3265.75026126423
-3258.8893213302385
-3256.1998309122296
-3256.6618501467065
-3259.6453865188637
-3256.2395498406045
-3258.20412888715
-3258.300167843547
-3259.227484872137
-3257.417964720656
-3254.7100887541874
-3257.5407727360725
-3260.3605186215323
-3259.1709349774374
-3260.3697836915208
-3263.682061101376
-3256.310880967165
-3259.446512816129
-3259.0262871594778
-3257.6530565706144
-3256.4058740131677
-3257.0981686579644
-3257.218952829812
-3258.798056002703
-3257.5785824034547
-3260.785520698296
-3258.33899641301
-3259.777494169132
-3259.5623316316032
-3257.446917330423
-3256.3510784985137
-3261.7795127244485
-3257.7908594217765
-3257.53107813747
-3260.7871701382305
-3258.425961873818
-3254.944485946862
-3258.395888971278
-3256.789943412875
-3261.5296809745023
-3258.2631022784867
-3260.823526679389
-3257.0581638239814
-3255.5504880976932
-3259.638052950665
-3258.9876873486132
-3260.0462158245764
-3259.0213566157468
-3256.662092398267
-3257.9256772351387
-3255.3764077046603
-3259.4370296167167
-3260.656606069929
-3257.9780271923446
-3260.6648621589443
-3256.6471192299505
-3261.1259754069183
-3258.602272565652
-3256.53505067355
-3259.377981930958
-3256.8764385779828
-3261.0346276702267
-3260.805732494205
-3256.141958662789
-3259.0717753184817
-3264.6767102258427
-3257.5680796749966
-3256.0775848966377
-3260.454835860888
-3260.506430024601
-3256.1975897091024
-3261.5709928746646
-3254.3389995075827
-3261.848866521986
-3260.7853667510385
-3262.1668737458194
-3258.3425097766285
-3260.0215641372274
-3263.5015908231408
-3258.103036673486
-3261.1411201620676
-3259.9767361469667
-3260.152918821719
-3259.2464729369904
-3259.3184948609505
-3259.325459717464
-3256.699421273727
-3256.1960970001956
-3258.9155552768275
-3258.4714930770133
-3258.7020038542696
-3268.6509789163197
-3260.312403625586
-3257.3591993080227
-3255.758344788338
-3257.595770430987
-3255.4561951843734
-3258.271593361165
-3254.741602715977
-3263.544149230422
-3259.3508196143393
-3258.889015495579
-3255.658032046627
-3258.39449073026
-3253.866979997387
-3258.553393863876
-3259.5038966752804
-3258.3377298742976
-3255.7623958267927
-3259.5219900325123
-3255.244000553901
-3259.1591333620395
-3253.3126607333693
-3260.657288398826
-3258.3069995733545
-3258.3616920819327
-3259.8405154553698
-3259.2326839396173
-3259.42730586617
-3261.993643926087
-3255.6304679840728
-3259.2209843156015
-3259.59002128022
-3260.6238797051915
-3260.2186891621113
-3262.856302851598
-3258.422983709015
-3254.3405732791834
-3266.084377720278
-3264.5487442947747
-3257.4400274973077
-3256.402060181951
-3257.0111816707226
-3260.401503902821
-3259.556634079895
-3255.7176295888435
-3259.159875810466
-3262.4959096743105
-3257.7480828433154
-3262.1022852467013
-3262.296255740284
-3259.6080148326523
-3255.4353623541256
-3264.2167082456526
-3256.1779335478473
-3259.696513522236
-3258.9264471434267
-3261.5468342037525
-3258.9659542471577
-3255.9848329158626
-3259.941681315069
-3257.3381090574717
-3260.257001160975
-3256.8675862446594
-3259.1562041039833
-3260.1826470627934
-3259.365957282256
-3259.0605044292292
-3260.1253211599305
-3258.462127783635
-3254.997056639667
-3261.931835953525
-3259.0164040407617
-3257.2731849882716
-3263.0979820758807
-3259.7081493605365
-3258.357151605163
-3258.5671250979776
-3257.7666371137625
-3257.43491004531
-3261.623753733674
-3259.409953099775
-3260.3988097206006
-3258.2107840688013
-3261.687047199088
-3258.59409646044
-3259.095040753579
-3258.0079076846164
-3258.8869725274344
-3257.300568226166
-3259.6510309394766
-3257.0239030531934
-3259.194226610171
-3261.2614827883012
-3254.471306234644
-3257.589212397276
-3260.8328625302556
-3259.7557827611618
-3258.6776079539572
-3260.349232518476
-3257.2154059424483
-3254.745559371393
-3261.1467804623385
-3260.851017648434
-3259.6840841006897
-3258.126244157185
-3254.3754498569783
-3255.506281994001
-3262.3242547590553
-3253.578779063751
-3258.073204563378
-3264.844810093476
-3255.4673398404093
-3255.204025665656
-3256.880543405399
-3257.476110907186
-3257.2453150345095
-3256.645908004247
-3255.4340429417475
-3255.6664047337467
-3255.8034779181003
-3254.946376302714
-3255.0806130085357
-3261.1585097132124
-3256.6984121232367
-3256.2825218023295
-3256.420130934496
-3256.234121400376
-3257.3047162542625
-3256.439977966781
-3254.7093955714513
-3255.004381171251
-3255.1316478349195
-3254.497210099145
-3255.241452382118
-3256.0012479692396
-3254.3641987655806
-3260.3187529183533
-3255.97360776409
-3253.7199279513143
-3256.0225490738926
-3255.685830132751
-3255.8992216344122
-3256.388556551747
-3256.5408575132487
-3254.139370434861
-3256.884840342933
-3255.154904754626
-3253.851313126025
-3255.39127391805
-3255.185062354699
-3255.678176792647
-3257.9226755614486
-3256.64553481439
-3257.3153121646033
-3254.7130591540213
-3256.562557833327
-3260.5268885546348
-3254.352646748769
-3255.4430469581202
-3257.4467759454365
-3255.2932301296732
-3255.986771708212
-3256.5541713040125
-3255.7912323577502
-3256.9040636984723
-3254.650759905593
-3255.0770740274934
-3258.1228050140003
-3257.2340514376015
-3256.1606271095247
-3256.661580507254
-3255.953301015901
-3257.184757709754
-3262.1314099042174
-3256.551172991844
-3256.979678987576
-3255.8044759260656
-3256.8701510022024
-3257.087449808395
-3255.522777767851
-3255.854487774137
-3254.0485782987166
-3254.88715198246
-3253.9236897772
-3256.0203530894273
-3256.08227058544
-3254.104030006875
-3254.918999363991
-3255.2691091905504
-3256.56178345024
-3262.728228425154
-3258.3610737791205
-3258.8990992516647
-3255.4904699188023
-3258.1903598414674
-3258.4336235541764
-3256.1284575847844
-3257.3916727956284
-3256.13322159573
-3256.801532188608
-3255.9853694443295
-3256.2048541453073
-3260.6129263031603
-3256.944987879994
-3255.971224799119
-3256.5757926562615
-3255.8920870963957
-3261.538993418479
-3257.3861974100796
-3256.0444857879015
-3256.1877098662144
-3256.708899733036
-3261.5637410748736
-3257.885164907374
-3256.1201434427458
-3256.3206981986486
-3257.0661034709883
-3256.146978474859
-3256.3550805105533
-3258.658928242327
-3256.8659060891764
-3256.828612590128
-3257.110733604185
-3256.7650292705025
-3256.22594501192
-3255.9857879883803
-3256.22580379677
-3255.803072304313
-3256.179317495442
-3255.969509465368
-3256.7665605996563
-3258.4326132781307
-3256.6049969741584
-3256.635906012068
-3255.7963788297857
-3260.4128643417325
-3255.4141876867243
-3257.060155408732
-3255.030872704725
-3256.061167284485
-3255.577321181456
-3254.8249695134828
-3256.194062119413
-3255.4566586655683
-3260.70562941843
-3258.105718537435
-3258.164413805881
-3255.1185736917732
-3256.704140486478
-3256.8239291559253
-3255.8356171692794
-3257.1181731442944
-3256.414232994433
-3255.889774153851
-3256.7857608828076
-3257.287586942246
-3256.0541252090775
-3254.3878910832254
-3256.608068858898
-3260.621696715926
-3256.719301686621
-3255.786122664642
-3256.0865107612194
-3256.431961526515
-3256.6114801688777
-3254.9912969484944
-3260.321765304476
-3255.2687718511756
-3254.8266191531347
-3255.2875713630187
-3254.3709022476646
-3257.7336821967606
-3255.0055249318143
-3253.8390453526426
-3255.059317837818
-3254.8401912697764
-3258.0378874833063
-3256.8898269837027
-3255.0686406758387
-3255.3371270051884
-3255.946650848674
-3256.16477591124
-3257.27985047166
-3257.6262145470405
-3255.9734257523783
-3256.9615150317723
-3255.9241992795714
-3256.678119492216
-3256.519951483978
-3258.0500665088703
-3257.697592225991
-3255.7788506445877
-3257.0764558603464
-3257.560577311113
-3255.516879620955
-3256.4558284358313
-3256.074924608071
-3260.2503091973645
-3256.7855113640703
-3256.913668766639
-3256.4520736652303
-3255.448663619798
-3260.0317592837882
-3256.9872997067196
-3257.2240644976696
-3256.1507096063688
-3257.8978463811395
-3258.637559043577
-3257.907671853548
-3260.057037583205
-3258.2979872390288
-3258.3504350597077
-3258.9285466685815
-3258.33232677821
-3258.4829475093798
-3259.5427180823663
-3264.9790741339866
-3259.8905451490077
-3260.801471761886
-3259.6187350436853
-3258.24619013935
-3259.285590905264
-3259.336272967519
-3258.7796947900306
-3264.7504001532484
-3259.0210311330998
-3262.1610178344076
-3258.7317365480226
-3259.83139269558
-3258.9638507598984
-3257.1029569018824
-3256.9426188674643
-3259.222675587033
-3257.728860918429
-3257.0258153235595
-3258.303477684119
-3260.050510248276
-3259.609256529369
-3259.1507107370157
-3258.9887805088133
-3257.929064694327
-3258.8809458813216
-3257.3298503595
-3257.0069890033847
-3259.2389922149578
-3262.7929801386204
-3259.385579756296
-3260.5359240330504
-3259.159797721893
-3257.441456717607
-3257.0097231729355
-3258.6576413253006
-3258.1349663974784
-3258.8354574904843
-3259.412616413917
-3256.592651318081
-3257.3681850423422
-3264.4291929474925
-3258.433937706944
-3264.803339458755
-3258.2202377075037
-3258.2760506914706
-3257.3141005956736
-3260.548776065767
-3260.3736079795467
-3258.8293651478143
-3257.6480784031132
-3255.674890655366
-3259.322237739834
-3257.9924663290326
-3258.2984649368777
-3259.5117675987653
-3255.6217320849473
-3256.8533217446557
-3259.1792003977425
-3259.7469565671768
-3257.7940099036346
-3258.287745817846
-3260.7080254231014
-3262.1715535431913
-3260.3092651893444
-3258.0226139886004
-3258.5329113251
-3258.7338488753558
-3255.7451957931703
-3259.511469727629
-3258.302634744894
-3258.7865394131986
-3263.5821568345827
-3258.6794318036386
-3260.1882857008873
-3258.8244707222466
-3260.5578389083726
-3260.1733173876746
-3256.9721392718343
-3258.289221864237
-3257.4676495020053
-3256.8642833803333
-3259.9370865749174
-3258.8545605651434
-3258.35212465234
-3264.8345250367774
-3256.9897919584923
-3258.25354038996
-3260.015151714129
-3265.9114314265807
-3258.5922275603916
-3258.892573648008
-3260.1275587798737
-3260.020996365463
-3259.8100326981294
-3258.1232683216476
-3260.457093659217
-3258.8855588277424
-3258.2278727971475
-3257.2573658276597
-3257.9638441155366
-3258.9437670360703
-3257.4124027334833
-3259.045087598079
-3263.192367150509
-3257.692193476036
-3259.528722179692
-3259.73588788954
-3259.44081308131
-3258.4323668540815
-3258.7659314486536
-3258.177933381494
-3258.4188363991775
-3258.004939661053
-3258.9828351913534
-3257.5307532964016
-3260.1991757244477
-3259.2744641093295
-3258.7004264879943
-3258.225226265982
-3258.7683313615116
-3258.5783005364865
-3259.0750397416064
-3259.0722002445254
-3257.1247974933185
-3259.951639848901
-3260.034412145773
-3260.3609413056984
-3258.3296297373763
-3258.928468118183
-3259.8778717887344
-3258.3975359891533
-3258.480744225174
-3257.207973051085
-3259.6678774545453
-3259.486726051945
-3258.6045490511087
-3257.7452263102123
-3258.16613840379
-3260.5517182665817
-3259.496304603683
-3258.031596112551
-3258.0167524714593
-3258.8627574135726
-3257.989733379282
-3256.8716671704196
-3260.634630762005
-3256.821412803256
-3259.6997696944577
-3259.2532261759466
-3259.1068196528413
-3259.083424653458
-3258.237267691912
-3257.919959337139
-3257.3148234812984
-3257.648403938498
-3258.2555452244924
-3260.1322688768873
-3259.3012512038536
-3257.662314938198
-3257.427276937081
-3258.7863845730517
-3260.311090027176
-3257.8329241614683
-3258.262027976604
-3258.051057841442
-3256.7395632850867
-3258.8399088593515
-3259.5353638488596
-3258.2403426220258
-3258.5811566795596
-3259.3181597218672
-3257.098756427668
-3258.6498103172976
-3257.773596232204
-3258.614663561964
-3257.733169638018
-3258.7768846773733
-3256.843064365143
-3260.473161201076
-3259.6795421781594
-3257.0199119443123
-3259.5518558392346
-3259.143655932393
-3259.6264364250565
-3258.2411064218722
-3258.097125136618
-3258.882192979439
-3259.8906117083848
-3257.7506155977535
-3262.535239917756
-3257.6564342601705
-3264.1773572389825
-3262.2436051753984
-3263.7020669811836
-3304.990801913428
-3345.0140908437334
-3307.3172866980262
-3297.6118237892892
-3324.641752601117
-3289.8514062630406
-3307.101317897714
-3308.9069056496496
-3297.3158488087315
-3304.402282520554
-3291.922053837358
-3319.061516967531
-3308.34367585178
-3313.1801721676056
-3303.0801979015064
-3307.188709652141
-3286.663550749978
-3286.4251082972487
-3299.5650938334024
-3296.372106939831
-3305.2083442226776
-3286.8485569218074
-3306.0223542160898
-3313.106312818554
-3289.31263861721
-3317.457703785071
-3311.216240733872
-3282.5889120789334
-3312.646914562531
-3324.4903115366374
-3296.9683157648847
-3300.25178389651
-3330.0840513956164
-3289.327503627812
-3281.2087337498074
-3312.213780336385
-3324.959047649701
-3285.459998945544
-3327.6609321212836
-3307.2316841886663
-3297.0919250954944
-3295.3174299448206
-3299.4978908973094
-3309.7219029447256
-3286.343802315514
-3319.295182611801
-3320.3635770424894
-3303.829785047202
-3306.5666849972695
-3292.396483427191
-3311.8336252078107
-3279.055153524474
-3323.9946070203937
-3313.8366743658507
-3311.8711246432754
-3305.9445753924615
-3317.0379444709874
-3291.319131403876
-3295.1711492849545
-3287.0575434736584
-3297.191013306
-3295.6108170230527
-3318.0314225769343
-3311.916039460862
-3296.9043729990403
-3293.0708967609417
-3285.8513989978305
-3304.329537151773
-3298.7651955605365
-3288.4011371861347
-3284.3100018234027
-3297.0938953836926
-3291.9221675489903
-3281.010690426002
-3306.2662833632303
-3301.7513262884904
-3304.519270582732
-3287.0671396720963
-3270.675354615868
-3299.9698805698717
-3280.9345890998125
-3298.843965684259
-3300.4033581400586
-3309.893521582319
-3276.013486743832
-3315.9122812379737
-3308.324531173642
-3305.8743849725765
-3316.274496678971
-3290.577293945032
-3283.646628022465
-3293.3536636850185
-3310.0722801121283
-3287.89619678143
-3305.8106593776615
-3301.328264189109
-3284.5567328769653
-3297.5069374442583
-3307.1145322672833
-3288.166775073181
-3315.886263316389
-3289.500780130574
-3281.2571950610763
-3318.31179329652
-3309.7445928002403
-3295.845059900018
-3304.284171442241
-3299.5518926564046
-3298.3705678881756
-3281.4051521849997
-3306.381632905264
-3291.9782205031615
-3301.8524294882804
-3281.2926701483734
-3316.4190356160016
-3302.755028290651
-3307.7754201563666
-3298.296999883526
-3289.63871565553
-3297.708243521691
-3283.775358917525
-3280.8250416422147
-3293.44305475146
-3297.922837672694
-3305.0389077557934
-3331.3323003196183
-3323.89011946651
-3322.30129262848
-3303.6999938277504
-3294.837456344948
-3288.482087334415
-3285.3469783621704
-3300.520736214759
-3288.8809255535134
-3291.4589949557044
-3284.3842273028054
-3273.6613644912813
-3292.2048369643076
-3304.0774641104217
-3292.283628621616
-3314.3500138804607
-3297.1492837270157
-3283.795254854873
-3305.805509732534
-3297.9079177905896
-3285.298672733716
-3327.01385131621
-3282.6194369835257
-3307.000827410107
-3292.554769972443
-3320.421044187806
-3288.609408472708
-3299.9440210609046
-3304.388794749329
-3275.68773689209
-3287.8826213897373
-3302.939120422013
-3325.874089210593
-3297.793358960643
-3313.4913363394444
-3304.208735747584
-3309.323107311525
-3311.4718948886625
-3315.050904582762
-3310.4420660471806
-3302.356800121608
-3288.0008748601476
-3307.193952295312
-3320.6821432170723
-3326.1720558178563
-3302.0464333844643
-3282.9624412946687
-3291.8454754164795
-3298.0722187779706
-3307.542634372824
-3300.0347522778043
-3287.9253378552785
-3301.3755911651656
-3287.9515258929778
-3291.7698143240523
-3299.3335035241935
-3290.4460654973745
-3322.8610067182094
-3307.0346352932856
-3316.4603789609528
-3280.4322733930317
-3286.618091132831
-3271.9391616781922
-3316.8211677237223
-3329.2064755745027
-3298.1199148064266
-3299.9692225726094
-3285.6436253660095
-3290.4057315264895
-3331.585475774637
-3287.4103907840404
-3265.593175022494
-3293.389071682707
-3286.116250592913
-3303.7603143303722
-3255.7595795968195
-3260.315583814171
-3260.1008080579118
-3259.4764997034226
-3256.4785996248074
-3258.9152811137906
-3258.4848738559404
-3260.9938888836987
-3255.047549811929
-3258.6308087202515
-3259.5696176010156
-3257.0543903885027
-3255.460580870058
-3256.8917918868515
-3261.181196643028
-3260.118665164666
-3255.5194448978104
-3258.691832206402
-3260.463230244867
-3260.077650702527
-3259.7112498146303
-3257.9059935893843
-3257.6939739050795
-3255.4382887430943
-3259.356699362379
-3257.0951207743237
-3256.8241298701687
-3257.8781090391403
-3258.3347070131035
-3258.6355613614246
-3262.6566343937247
-3260.46952699251
-3256.7576555882633
-3258.5698053086026
-3260.0022853118326
-3260.7487161666822
-3254.479340724764
-3260.4944133919653
-3260.5671823667717
-3256.5972935811096
-3257.0765438861754
-3255.0367383161374
-3256.5918380133376
-3256.6954627269397
-3259.2126421162775
-3257.1994618883414
-3261.255713361495
-3259.3685462989
-3259.5805057885837
-3257.6318804883363
-3259.317501225316
-3257.5712322462678
-3256.2351311166476
-3258.601306644772
-3256.8057533901233
-3257.2192932853186
-3256.761365299334
-3257.7305619467857
-3259.7363759948908
-3257.488803613853
-3260.793712281918
-3258.758345571254
-3257.240269949521
-3261.2146195492032
-3259.2813321770213
-3255.1279641017877
-3259.437243981232
-3258.0948523214533
-3258.513764648808
-3261.886565186068
-3262.5979011062295
-3259.105021684667
-3256.2278831148355
-3261.05571467144
-3256.571464945631
-3257.9881521017674
-3257.1131089628493
-3259.084377526204
-3257.3521134703924
-3257.4835151660177
-3260.5378708976828
-3260.5477736606767
-3259.209683727051
-3261.8092662563367
-3257.4953320604814
-3257.3037197727294
-3262.770195870552
-3260.3695273579638
-3258.8969975993846
-3261.1040883660353
-3257.1679367471475
-3261.2100047712206
-3258.843700664507
-3255.2334305737077
-3259.300579664705
-3259.6683499705023
-3259.0213758670243
-3260.155788019639
-3258.622892170247
-3254.4157195253774
-3255.984893751484
-3259.8129917863216
-3255.960740951068
-3263.5054227287133
-3255.2474156281487
-3254.953666691478
-3257.1408866353577
-3261.2692556813804
-3257.4453743662802
-3256.344033123241
-3259.2715110008726
-3259.2678598223315
-3256.613957287321
-3257.8420708427298
-3258.4049078372836
-3257.4735032407784
-3262.802340618145
-3260.0373375812355
-3257.465465146629
-3256.5219530323843
-3256.294277632462
-3255.4864457988024
-3255.391539319809
-3259.56207279257
-3255.571699598368
-3258.8171212517113
-3256.816666545152
-3257.3302224754434
-3256.152530644279
-3257.523184264824
-3260.530894300778
-3257.5671785557784
-3261.768575835892
-3260.6226596558313
-3260.1909677259646
-3258.898857842385
-3257.6570776142885
-3255.654417111964
-3257.4652551410272
-3255.986002397974
-3258.456492085636
-3257.7226481742637
-3258.134335768983
-3257.8816923428353
-3261.4979131145387
-3254.777790082209
-3258.0618245980986
-3257.6375289313523
-3257.6167556099163
-3261.5828069789195
-3260.037293392374
-3261.507309574991
-3257.2368195633157
-3256.059356037681
-3257.945604819365
-3256.4743003994813
-3256.1512880451414
-3255.808949527553
-3255.9502258459206
-3259.4117511251975
-3260.3710388240174
-3258.6566101964486
-3257.9836867211825
-3256.7956463576147
-3257.878827766033
-3255.4242078640864
-3260.433423628953
-3261.6797698244973
-3254.637855489742
-3257.0682664564315
-3260.1945727558937
-3259.4209678530674
-3256.627474588022
-3257.918338253303
-3256.172993661448
-3260.5344000886016
-3256.0689446967967
-3257.491858607163
-3255.1902144565247
-3257.894086235535
-3257.085917311836
-3255.4490391820295
-3259.8859920804603
-3256.792904112518
-3261.237548727827
-3258.8109396282753
-3256.2791729209885
-3258.655803361967
-3259.61161893762
-3256.028192879229
-3259.7679920407863
-3255.588411340656
-3256.878014259474
-3256.3573097786866
-3258.03284129777
-3256.152410667515
-3256.964416224569
-3256.0511015697243
-3260.9174134165282
-3256.222929911261
-3256.646561916361
-3259.15166751271
-3256.9273812934002
-3257.4764661521804
-3257.9106486090336
-3259.5904976116635
-3257.2740162808573
-3258.3969247368464
-3257.520114039247
-3256.921703296804
-3258.5141001263155
-3257.862847241124
-3258.4946321673247
-3258.422984894956
-3258.6329056915206
-3259.682961755081
-3258.1667187078747
-3258.2203083244904
-3257.9099784085884
-3257.9068571574267
-3257.873092278287
-3257.8143991706793
-3259.4363358915743
-3258.8114392480284
-3258.0592092369748
-3258.57220653823
-3258.7444091152765
-3257.9743086311273
-3258.418583052445
-3258.629578150717
-3256.5602281769843
-3258.622061647914
-3257.7196978960396
-3259.132770718403
-3256.3854972241425
-3258.097908747311
-3257.995402841251
-3258.6753449104
-3256.8601364082515
-3258.157217474312
-3257.687131821752
-3257.37797869784
-3258.884812377795
-3258.6341884620806
-3258.7403638562864
-3259.309520654932
-3257.5279441391644
-3258.0953401023476
-3258.430113737934
-3257.7457707483345
-3259.1162718402948
-3257.667961935218
-3257.9017867644598
-3258.1328728029357
-3258.7526805517437
-3259.1185798254883
-3257.873518438768
-3258.948144633144
-3257.5689883750424
-3258.937193182959
-3256.0970232479635
-3258.4480018388017
-3257.696308872319
-3258.2424873531136
-3257.728479033052
-3256.487574288678
-3258.3184595180437
-3258.860198496725
-3258.368181149528
-3257.0852862256497
-3258.4318046151634
-3257.933614543134
-3258.230316236075
-3259.23399260037
-3256.8981496698134
-3257.9726105165437
-3261.4089290602083
-3257.404484573444
-3259.1794662956145
-3257.115659182487
-3258.0409489387175
-3257.0958307620076
-3258.5248517140303
-3259.308869476722
-3258.4128836939176
-3259.691500905516
-3257.784070875452
-3259.2161678487046
-3258.859220967393
-3258.402788636897
-3257.7503420881053
-3256.8220764613257
-3256.3311724917476
-3259.1526485124164
-3258.566297736163
-3256.556355015306
-3259.2898452538293
-3257.5063136326553
-3258.8073097964693
-3258.5560845780487
-3259.075180391274
-3259.331031340414
-3257.5587715752054
-3258.40739828414
-3258.6555128613
-3257.2238093720202
-3257.141247829466
-3257.6608347037095
-3259.3004208000502
-3257.6334726134387
-3257.8746972823674
-3257.54345121883
-3257.7874872438297
-3258.1935907000984
-3258.883365901947
-3258.068053962061
-3258.4310886503044
-3261.256144888987
-3257.391284615881
-3257.8382124914588
-3258.4921311140133
-3256.4763395389896
-3258.1565390603646
-3258.682883206108
-3257.780061870661
-3257.4945306679915
-3258.7182042246964
-3257.19010314776
-3257.883120512075
-3257.9718085646573
-3259.638426654096
-3258.1867000182774
-3257.201391524441
-3259.0294389244195
-3257.966710576973
-3259.541758126587
-3257.0401843038358
-3257.739982492729
-3259.0112834192023
-3259.3204060259736
-3257.9622637449143
-3262.3806264328705
-3256.5131620197235
-3260.7511624943736
-3258.814201976366
-3258.3267261341393
-3257.6530286353204
-3259.029480194464
-3258.70592317328
-3257.836395247791
-3258.40270253532
-3258.813295588126
-3258.789311452938
-3258.905976424439
-3259.042187659763
-3258.6433532288324
-3258.563246601514
-3258.5442857008024
-3257.9865447928796
-3256.838022426204
-3257.8868059945685
-3259.670331047507
-3259.442014669875
-3259.7545890312085
-3259.0927336017717
-3258.778628314511
-3257.1826726012805
-3256.2104045494084
-3260.87148289474
-3257.8531094929826
-3258.7883506861203
-3259.352153273575
-3259.8059896692175
-3257.6384870667557
-3258.535277490605
-3256.766479046029
-3259.679562729345
-3257.984206315385
-3257.959808292233
-3256.89774609503
-3259.222992523715
-3257.395002536646
-3257.2083396537632
-3258.325255060568
-3258.5120336720656
-3260.7827059537744
-3258.568692083165
-3257.899188743335
-3258.00785422484
-3258.67049923767
-3257.0856375291974
-3258.087967119022
-3258.627773106554
-3257.7152912703173
-3257.4086679237585
-3256.877689614697
-3257.5355137801225
-3257.804122165976
-3258.612830282143
-3261.404447229406
-3260.0776918992883
-3260.2540446371304
-3261.5522101797633
-3261.4815493701235
-3260.658816194261
-3261.0505842044395
-3259.94558020743
-3260.809976479333
-3260.7685870547843
-3260.8929101164563
-3259.284138865128
-3264.1142621964145
-3260.008350997923
-3259.9509728279286
-3260.659399596869
-3260.191036601189
-3261.5747063053645
-3260.391076188211
-3259.2760729804613
-3259.904957826965
-3260.9401144479084
-3260.6058293214846
-3259.454272872395
-3260.742536733083
-3259.650270568046
-3259.6624132859897
-3259.6559231703936
-3259.6141685490197
-3260.0343917854607
-3260.663956938631
-3260.2478755429697
-3260.0864144172515
-3261.6926844668055
-3260.2879856216286
-3261.313730953717
-3259.8182452520273
-3259.2813442030238
-3260.2703391718273
-3260.629881788579
-3260.3809691491338
-3261.235523950572
-3260.6628335453443
-3261.236994590583
-3260.673025224562
-3260.3756781251145
-3259.691024876565
-3258.3499580673606
-3259.9989219516765
-3261.3636645152264
-3259.71791590509
-3260.4282159128597
-3262.12212442175
-3260.297698625426
-3260.3713755573276
-3260.2256331085337
-3260.9624619459546
-3261.832065118986
-3261.6387872806904
-3260.91602249817
-3260.3637669217305
-3262.401376784225
-3261.277358121674
-3260.412734540953
-3260.5041189844683
-3260.573545138228
-3260.653024383391
-3260.446825221476
-3260.8939557483986
-3260.3080262784106
-3260.899259025463
-3260.556021906111
-3260.9954096667066
-3260.269331561744
-3260.7809559024336
-3261.0003427885076
-3262.249064636964
-3260.3210279949826
-3261.2319089737985
-3260.6796223172882
-3260.7434942955197
-3262.1962408147524
-3262.369352717145
-3261.4124949536676
-3260.456665893215
-3262.240456046532
-3260.0186633431485
-3261.16915244269
-3260.0978178988885
-3260.9734029007677
-3260.2288572766215
-3260.9440304892137
-3260.26479327013
-3260.418992245252
-3260.570473123237
-3260.6817561008193
-3260.0910888830717
-3260.45857141641
-3261.0657082558664
-3260.179187898645
-3260.8767582179603
-3260.395587485008
-3264.119267781048
-3260.648109730205
-3259.7258270129532
-3260.718464313989
-3260.193198434407
-3259.7676446919977
-3259.7118140873426
-3261.9701698943536
-3259.7801834190504
-3259.759456590745
-3260.7484528103255
-3259.929539133633
-3259.143315124906
-3260.696786136519
-3260.9952857239696
-3260.073287841251
-3260.5060489037883
-3259.7283521989975
-3260.580110397883
-3261.173356328282
-3260.4537535653226
-3260.515155555493
-3260.7201557079256
-3264.5287524412756
-3260.220005071909
-3261.43448560711
-3259.9380190858496
-3260.6613395386257
-3261.506934104553
-3261.69055351102
-3260.08333646751
-3260.297566179889
-3265.0827453403813
-3261.821180412887
-3262.8006420134907
-3261.497023401302
-3261.31773994409
-3261.5945131124035
-3260.7427877443192
-3260.4624408326
-3261.9568904700814
-3260.282103017961
-3262.9622849832435
-3262.460732494521
-3260.583406055687
-3260.8089720732355
-3260.786076598858
-3259.863500181851
-3262.0845626622063
-3260.6589437946063
-3260.245727777808
-3260.32156249134
-3260.926923842881
-3260.701886018746
-3260.2025190470376
-3260.532058056619
-3260.2278423981497
-3261.116490619871
-3260.7463502812348
-3262.617858614261
-3260.805120190205
-3259.9018399053816
-3260.877144534953
-3258.9231051741335
-3260.882448792656
-3259.5228862614094
-3259.017325428353
-3260.469706960792
-3260.4207224632546
-3260.2088885786206
-3261.1907340817966
-3261.2468518598484
-3260.1631042843096
-3260.9278682535164
-3259.9135379675868
-3260.3887443678254
-3260.00559178807
-3261.2555784380147
-3260.922590263547
-3260.496446093067
-3260.0097244526664
-3261.9184150135884
-3260.080807374315
-3260.064726565293
-3260.480550577728
-3264.1016958335645
-3261.5259914864705
-3260.0764282951814
-3260.912464077995
-3261.0285220962473
-3259.469675779615
-3260.83579742331
-3261.415744625015
-3259.649418629734
-3260.9821230267494
-3260.498455458082
-3261.306823139285
-3261.523160061019
-3260.6929874024827
-3258.2581546355727
-3259.2366653107533
-3258.104968618477
-3257.7559196620764
-3258.769817974853
-3261.5275057174636
-3257.9396677157106
-3257.5412292669453
-3258.1844042298426
-3258.2183290119315
-3257.6911564482125
-3259.0466932581735
-3256.666546336203
-3257.876367018921
-3257.688637097973
-3261.69379183744
-3257.019764331873
-3260.2741779105536
-3257.511037061088
-3258.57679463833
-3258.811461876339
-3258.4856939572974
-3257.8946990312215
-3258.000777471359
-3257.328300412982
-3259.220074107111
-3258.8722533636574
-3259.7693491783334
-3258.163563367404
-3258.489699345182
-3258.7790522560526
-3257.980670353668
-3257.596662063606
-3259.3664408253403
-3262.9735812942404
-3259.2908137983277
-3259.053625299661
-3258.8896355206602
-3259.3041157927137
-3257.6887094834206
-3257.6380759178096
-3260.310651568386
-3259.178256727104
-3258.3030883755355
-3257.4139084899134
-3258.2512902636245
-3262.100633529144
-3257.8792836933135
-3261.26745520296
-3257.6405751831635
-3259.3457772148636
-3258.583371258064
-3259.766923139012
-3259.5167485945576
-3258.392052607183
-3258.1949937029863
-3258.602868591728
-3258.3205346553664
-3258.1049200337175
-3258.7217495861078
-3259.54570257693
-3257.7903601724643
-3257.8490366187257
-3257.9297352542344
-3257.925321299645
-3257.8369311317974
-3260.449738901311
-3257.8177028586924
-3262.0123637623597
-3257.3019797376915
-3257.640140987686
-3258.241392832237
-3257.4832592665744
-3260.25505182743
-3258.888125661308
-3258.207836518055
-3258.114993456396
-3262.0123271535113
-3257.309772236375
-3258.460257447945
-3258.149173900351
-3257.518977930389
-3260.3577806588555
-3257.7412873366316
-3257.8463643013542
-3257.561179396733
-3258.2740548717857
-3257.4676451648106
-3258.024950211104
-3257.7342230619015
-3261.799281847008
-3258.181180758935
-3257.9592414972076
-3258.065241300707
-3258.0058056301546
-3258.1955610767823
-3257.4606287539937
-3258.3945239650307
-3259.4204718089213
-3257.6594731388227
-3257.6818729898137
-3258.794718864284
-3258.187709046104
-3259.674617923072
-3257.373740866086
-3257.7858894785027
-3257.91896624494
-3259.902180442609
-3257.9110640721437
-3257.224040424455
-3258.377646157532
-3257.2904241296765
-3257.767307454934
-3257.3787026860264
-3257.8258091536395
-3257.723889891939
-3259.520317110982
-3257.7877900567505
-3257.44052828851
-3257.7068547399836
-3257.481398577705
-3259.0527169121824
-3258.187571539953
-3257.9217807553937
-3258.82136495645
-3257.526398326703
-3257.018713833298
-3258.206743666326
-3258.2926425242417
-3257.8195794066837
-3258.202629181983
-3259.073645135352
-3257.5463620767964
-3257.717056212087
-3258.1752395837057
-3258.802927660709
-3257.3294773370894
-3257.939758645925
-3258.278900142719
-3258.2723259490986
-3256.843382440914
-3257.8677037668954
-3257.934307316078
-3258.1338090901304
-3259.022005695845
-3257.302835609344
-3258.374911801671
-3259.764803075326
-3260.342007071175
-3258.851844633163
-3258.8144887453886
-3259.375750363764
-3257.895035056737
-3257.177130433562
-3260.0952422240457
-3260.38995653175
-3258.656328210906
-3258.6994643862818
-3258.3300634412244
-3257.838206786835
-3258.025295418982
-3258.1855890613147
-3259.2903343858566
-3257.4049493290413
-3257.1262756535057
-3257.3852782836852
-3257.9315891561746
-3257.9200993161176
-3257.3583283700286
-3258.7683655099163
-3257.1777391043042
-3257.999881941086
-3258.7196317749444
-3259.4524375299447
-3258.724334957875
-3257.9707079613017
-3257.522915554671
-3257.252469277165
-3258.0552349811387
-3257.988181498616
-3257.8072565298326
-3258.4038261024507
-3258.170244418221
-3258.466439263958
-3259.2413103314543
-3259.1214911647353
-3258.021774637443
-3257.7566958000302
-3257.729336169404
-3258.840470075493
-3258.2843512518357
-3258.2406412280225
-3259.8905577058013
-3258.5766102991656
-3260.1777269066406
-3262.276873079402
-3256.9309162360455
-3261.8775051671987
-3258.0140142643195
-3259.208800722956
-3304.1697331963724
-3350.4419249638336
-3312.5665224714376
-3305.371687837536
-3329.5186130498205
-3296.6295800940184
-3312.3725718574324
-3315.171955737225
-3304.7623306763408
-3311.315452008734
-3297.4487777576946
-3323.290891249208
-3312.0673797355153
-3319.063301352593
-3306.3953469890275
-3311.4837327766313
-3291.7116666497745
-3293.1501615135858
-3305.3926144510533
-3304.286212531449
-3306.3063795507405
-3292.366855570609
-3309.180374358345
-3317.0357947144917
-3292.2074142231545
-3323.4293757348355
-3317.143671841437
-3291.3723034370964
-3322.8717338606125
-3330.059558032515
-3296.7941974479495
-3310.414906309818
-3337.3318732213024
-3292.3176965341727
-3291.0874397783987
-3319.7576794001375
-3331.061697229975
-3295.428206758895
-3324.844830443049
-3311.930885824777
-3304.933612092328
-3303.8737268565037
-3306.8210222563753
-3314.3152848537607
-3292.2343268144305
-3325.074631443465
-3324.4626121542374
-3307.0800621022563
-3309.452317480679
-3297.613435202605
-3317.9330588823323
-3284.8678643101684
-3331.0388045681307
-3316.2747959264516
-3318.2150389675717
-3304.333653016497
-3323.385881608603
-3289.136838024272
-3304.7325528574943
-3292.481404629246
-3295.9537315440994
-3302.4771664461528
-3322.344500953821
-3318.5750655573524
-3304.7226868094967
-3298.708433591521
-3290.963763133739
-3306.2479129078733
-3298.4583562032017
-3292.900211595766
-3292.0794634549843
-3297.8358899211134
-3298.4227622239496
-3290.534105810865
-3310.5369158774683
-3305.658523132513
-3312.9506801826055
-3295.164403216991
-3279.23615607209
-3304.1254117388494
-3288.555906320971
-3302.816290126989
-3307.795104912498
-3317.9691007338783
-3285.2301636772104
-3315.2092189151285
-3311.708000261309
-3309.9568598906035
-3318.4154945731207
-3297.0749608828673
-3290.8514763344215
-3297.395976127915
-3308.4399052590484
-3297.7692981360415
-3314.5094268342805
-3304.9978758434604
-3291.4548131219117
-3304.795775471994
-3311.1669026929217
-3291.053545636108
-3323.703789507526
-3292.245280456709
-3283.6483465939846
-3319.7157805937254
-3318.2316386912685
-3304.1641518672354
-3304.954883508659
-3303.4992135531884
-3300.833522308267
-3284.7239102358717
-3310.4459108842957
-3292.148327155689
-3306.3596221506186
-3285.055683440447
-3317.2280498048794
-3307.1183960685917
-3312.6115506554224
-3304.058742570643
-3293.9062938601583
-3297.9366719147315
-3293.0010056546885
-3290.284646344061
-3298.9554135040953
-3302.4166224001324
-3304.652606837726
-3329.6726905571754
-3323.758115678262
-3324.6161720219457
-3308.996157223384
-3296.807244139206
-3296.4154936963573
-3290.164812656212
-3302.895313034569
-3298.3993240997033
-3298.757282912013
-3291.8288717457885
-3280.9255823490585
-3299.4809548388084
-3304.5383442424672
-3297.8631873825143
-3323.474855653035
-3304.312989003091
-3286.274166871317
-3311.772822296777
-3304.01549704992
-3295.67530854027
-3324.4404231662597
-3291.309194142738
-3310.991364105848
-3293.8578172891403
-3328.861152990166
-3296.862799117534
-3304.0147621134124
-3311.9960745862068
-3285.916285613411
-3291.8137435641547
-3305.855763724792
-3327.3137477748332
-3306.023209691835
-3316.9906092506403
-3305.4586661176595
-3317.034984054074
-3316.778044768683
-3323.4746054882035
-3313.577601748636
-3305.825973480505
-3292.6450889932207
-3310.4652589717452
-3326.008016740791
-3331.431583978619
-3308.1923847588014
-3285.8387559424186
-3297.91826301409
-3298.765102450256
-3312.114440544118
-3304.5125616198247
-3297.85189083854
-3303.9962469693614
-3291.8809835295765
-3297.159362535143
-3305.223764437198
-3298.6534478851
-3324.6292456593533
-3310.004903742003
-3323.8551164871183
-3288.249479353552
-3291.6981319334104
-3278.291188613111
-3321.1217630692786
-3330.730692790059
-3298.148600626492
-3304.682722293329
-3284.7470666003255
-3298.023761286884
-3331.6622764599724
-3290.246971245678
-3273.6084392984135
-3298.8126260810045
-3288.8333838570024
-3309.4981710857933
-3827.7075880712305
-3690.8346163180718
-3672.902127098291
-3739.198427156576
-4020.176074810506
-3572.242102449688
-3941.416040645132
-3837.2805164170786
-3832.9385149180557
-3980.615881628979
-3600.5961099897786
-4065.325258318218
-3907.93482720471
-4204.224689239726
-3816.101382764504
-3777.4856655014114
-3848.2553923924384
-4209.6110273802915
-4005.90861715145
-3990.05833994354
-3391.2605694286417
-3697.855123618693
-3656.427997570946
-3944.1023057180482
-3827.2138141478067
-3785.442806271521
-3657.7903557838413
-3672.6064025791775
-3748.7738502193
-3788.781685368713
-3723.861578090066
-3808.887188542471
-3894.674491319871
-3700.9279092953348
-3779.913522247652
-3640.7793427086244
-3977.745618323712
-3557.975836116486
-3722.0274190952778
-4259.337855243016
-3888.1591863304675
-4057.6296361423883
-3724.831524554461
-3624.0472564346883
-3797.1246725639753
-4312.222088261283
-3867.9714401935885
-3674.0021754573327
-4271.325812560097
-3763.352634158045
-3860.11075559041
-3700.73577534186
-4234.553746323611
-3788.380060406128
-3861.2476835005396
-3937.150523443226
-3800.6486351740855
-4445.593366971769
-4067.765134456695
-3961.4428430590665
-3295.443423645641
-4040.858191048922
-3527.3341106482626
-3831.577168895038
-3774.5293586172875
-4107.523250910752
-3848.407914472823
-3459.369003457568
-3556.4693843487353
-3849.846837948624
-3908.3603518973055
-3963.548957907172
-3721.453124058519
-3781.0669785158016
-3609.883460527239
-3728.0545959819724
-3616.144563439684
-3555.9344820368374
-3967.1584496045352
-3634.362057369788
-3995.5748149662318
-4193.89927097698
-4005.498687145025
-3921.20802388272
-3555.3341479615196
-3708.1083176348384
-4306.65121654963
-3919.3354579651195
-3749.667076338771
-3696.6769301807417
-3757.9552163495805
-3875.6401829360966
-3698.4219096605248
-3749.4377944408798
-3610.0172747442552
-3860.226611756792
-3909.5881773662895
-3382.041076917291
-3633.5881680886814
-4204.017172064858
-3690.6356821514687
-3568.881300780413
-3718.70280132908
-3785.123590942265
-4226.564795429388
-3622.571295073353
-3425.3876455443587
-3472.489709569464
-3828.6116975962823
-3925.2100066100993
-3548.483657619199
-3612.7611881991143
-3560.789575577479
-4066.6286882058453
-3781.786615280431
-3883.5243028567374
-4110.276731884294
-3563.170073895093
-3612.1105667089105
-4372.989625594585
-4281.331127179755
-4103.537564787669
-3860.0149986751094
-3767.8554418791364
-3989.4511037859834
-4189.381909066102
-3559.0170610009945
-3854.024793295489
-3969.0271430984308
-3814.266266720085
-3797.8283316967763
-3822.414845220996
-3892.60111268673
-3383.833480886757
-4003.2145347524397
-3789.607974438696
-4156.404961605114
-3714.8360777092735
-4163.513227736401
-3981.3724314589094
-4419.50391052289
-3695.9732973806244
-3890.961953257491
-3863.4571730421044
-4247.11617984957
-3671.5575337779405
-3904.193877882373
-3777.327063496724
-3792.530007508461
-3550.690731696762
-3395.8055573345273
-3983.1839533309603
-3906.172577330439
-3657.384553282413
-3730.646537711709
-4153.341069706454
-3711.673866984786
-3629.5762463380743
-3219.2950239120887
-3708.8028450748425
-3866.0479396295405
-3928.707140990164
-3875.882826326564
-3836.1665112723504
-3745.9232777577768
-3721.387008772994
-3687.7908253860246
-3907.272807800149
-4344.88953457778
-4147.8745677956185
-3461.059017941809
-3827.820187366414
-3807.818633677404
-3842.8030033877717
-3867.0367339252834
-3409.427525897511
-3885.9054729822847
-3911.3067272081867
-4131.910659803764
-3690.10925610229
-4339.688143134697
-3757.7614406989715
-3872.4133204868776
-4104.206414131815
-3834.9999247679966
-3421.230832154228
-3747.2966090401446
-3311.574303039728
-3906.7137814724656
-3760.7280269117887
-4193.224909669053
-3818.8465531204206
-3738.270969887123
-3727.9136519293706
-3696.131929937667
-4162.184512126471
-3598.2294734691995
-3891.8346850330854
-4142.693332321381
-4241.723395040814
-3928.869815205718
-3853.4154963248434
-4005.853206276869
-3864.599896530475
-3833.211194556148
-3877.081793972866
-3807.376463043337
-3697.0280690652667
-3823.0525696469904
-3607.6574074142363
-3869.3842083332393
-3898.0643196303463
-3840.2198815947418
-3904.0570399853827
-3705.119783885317
-3929.628981499746
-3806.3005969704227
-3860.3417364865886
-3743.3165629209693
-3766.9998202176134
-3766.847909041593
-3840.67715112668
-3783.872683760026
-3894.228403310939
-3876.677784595538
-3822.9834385196145
-4028.4844755690965
-3895.1051661157944
-3905.4282111796683
-4063.6895154405966
-3861.4894055160594
-3810.610315835078
-3859.5653295364878
-3901.8381125224787
-3803.132865606846
-3741.630412799894
-3773.81325851781
-3918.444422900904
-3739.24152572839
-3889.769829233669
-3889.5717146608695
-3803.1472850096784
-3745.3568237421464
-3901.8140437681786
-3843.1232815157387
-3868.6604781433543
-3918.118256174447
-3871.6149734344317
-3762.3560408460876
-3793.8166470433007
-3782.635184073342
-3961.188162755189
-3891.216091714152
-3889.043435221194
-3823.459949710528
-3957.2861880893065
-3828.203075685988
-3845.771700749239
-3928.1841605553836
-3851.295338108476
-3898.7855698051567
-3820.6201516508672
-3904.643476321186
-3911.886238428886
-3735.6145114699593
-3889.0574682008883
-3762.2010301694722
-3992.130677639413
-3892.250532266487
-3908.5336275171053
-3805.328591417644
-3900.8150734246956
-3759.044488875691
-3971.8711985744044
-3947.05136103152
-3817.90814357947
-3791.148135510423
-3947.874263667452
-3863.290718636908
-3969.245054050251
-3840.794379830967
-3881.4852985749994
-3913.138411937462
-3930.498322658014
-3916.836387874764
-3837.9497888765995
-3919.635471755475
-3815.366615412046
-3918.66125986321
-3811.777146166956
-3878.7328842449197
-3869.7590489729637
-3726.948757905833
-3689.718878128571
-4098.580322340705
-3838.787657411718
-3882.581786253104
-3918.4406393281465
-3938.5217386820655
-3994.1792998010433
-3983.2543188664185
-3867.751339202398
-3852.182195152862
-3888.832957504272
-3937.0559980937946
-3841.159412850035
-3814.9564710560503
-3883.184892871792
-3872.7842569644044
-3882.348066015825
-3764.586628688328
-3730.1951553762196
-3911.5131492946734
-4011.22099086995
-3948.592548971355
-3914.2516653945663
-3708.7093074891172
-3732.125570111592
-3799.352908397858
-3861.8934066527327
-3667.967712174017
-3897.4576796939605
-3761.42111291215
-3830.0948496747783
-3949.3927467092526
-3824.577731576636
-3817.7737815473547
-3843.6661357859707
-3816.5474847971095
-3873.2945802558665
-3716.782038195328
-3720.591939310543
-3843.8263504229817
-3670.4641010940413
-3916.5390871756335
-3821.995940999919
-3798.322070913822
-3916.7781938605794
-3831.1462813740004
-4135.428566971733
-3677.729496419544
-3637.9893256802948
-3835.444634822673
-3957.1170104219023
-3848.6244507944843
-3989.7355232640502
-3892.5949802586024
-3872.041398042874
-3755.7614913314187
-3973.3649664758104
-3863.761220408063
-4004.2719800649884
-3908.72792629794
-3951.4194962570177
-3905.691234526463
-3874.9091668708998
-3772.7807057170276
-3715.4263861381983
-3911.4438498949185
-3919.889433927377
-3699.6143326666615
-3722.940727257453
-3848.642776985057
-3785.1315001827556
-3771.9681217301427
-3785.7130387041716
-3911.815462286978
-3833.7059612811763
-3807.954453173334
-3717.1366566949346
-3852.7745363759573
-3986.4469533552274
-3905.815253607397
-3925.4385661596607
-3834.0239722493297
-3950.613381670061
-3662.8875735770575
-3672.4991721803854
-3957.9428484521122
-3844.9976501449014
-3938.1633494861258
-3994.8118914032084
-3851.1684686149
-3756.9002890967777
-3847.1336098115175
-3740.7782815939977
-3802.692987324042
-3928.3664864861144
-3789.955983998097
-3878.7040327875757
-3887.969513944416
-3998.9187906434745
-3933.9242511901357
-3785.4799445651333
-3751.3163633226122
-3901.5303002665146
-3887.738590941145
-3833.2910922430406
-3798.2892514124837
-3941.230530530475
-2897.6458267282237
-2900.920386108628
-2867.2943249400496
-2863.8153819848167
-2874.2274673594898
-2922.867634371951
-2865.6043046644304
-2919.9337383269726
-2885.4255464999624
-2884.079153088264
-2897.969368536024
-2888.7824747316618
-2885.525361599872
-2858.5150166601434
-2916.885901877291
-2866.054130636294
-2909.6707490152294
-2896.0727613964586
-2907.514910915155
-2879.704367749664
-2884.2789976886534
-2877.464217063588
-2915.7320310679984
-2877.191393347469
-2903.8705627991294
-2901.8897788756058
-2884.8303970755455
-2917.6952622464955
-2904.2740291897094
-2898.666057701706
-2884.5167896339917
-2888.2665503928265
-2879.1396404447064
-2871.2424648804426
-2874.473451736951
-2868.650466540823
-2879.05486085017
-2879.62919341234
-2903.087428437388
-2886.7496746823967
-2924.3258527471053
-2877.6857420289607
-2908.9200316245924
-2907.91670084208
-2910.0492513401796
-2856.7529045776587
-2890.0137137270062
-2868.2996189249857
-2857.3259546359386
-2895.38763973379
-2908.9075247869014
-2913.6986074662955
-2908.9686343271087
-2900.9420002794477
-2863.202397743769
-2872.7947728627523
-2923.0149073626435
-2851.9189221040724
-2894.537634222425
-2879.7504370267493
-2866.4426872200906
-2882.311295849294
-2890.559998879392
-2849.416539199818
-2891.370183572581
-2893.1625577038744
-2875.425380176979
-2884.0802946875806
-2865.0501709946448
-2916.440363552074
-2905.0709704308456
-2858.5618581713734
-2881.160235648553
-2871.1443624106223
-2849.5793535397124
-2859.915589084127
-2908.4273133413412
-2860.90181394507
-2864.275290624945
-2854.2286004762814
-2869.4658379889047
-2882.5661723592048
-2850.5156187079974
-2838.4961789261956
-2873.517200885712
-2814.7181949545507
-2823.931122292256
-2881.2613422206823
-2871.7596753369535
-2923.369634144377
-2881.453949723446
-2880.1770580881116
-2883.092656477935
-2894.83033339595
-2834.69052052348
-2886.4514625562856
-2864.915420112989
-2887.1444840684876
-2904.77911742751
-2872.3761179765715
-2919.716201866681
-2874.2502676935865
-2896.3439046751814
-2937.7352208561956
-2896.5969129056493
-2920.7451311360383
-2887.136495408642
-2901.450145635667
-2898.535158299184
-2882.060232690128
-2877.323912376557
-2916.5750358363857
-2893.378768423046
-2894.167421603904
-2888.419346880252
-2910.7370578683735
-2893.534350807239
-2916.17608617489
-2898.023561896699
-2879.843909447266
-2876.677926423753
-2900.130410926515
-2874.834662809053
-2832.960277254877
-2887.933846431727
-2880.7136084502517
-2882.5709296843684
-2911.2924021094263
-2927.154389258357
-2862.238377199897
-2862.2147152676007
-2914.693447648093
-2899.203299165676
-2885.093624899516
-2857.3639915533336
-2859.656901774034
-2848.117355375883
-2866.3037690601514
-2844.999078212834
-2876.192336488414
-2846.0106476475653
-2859.552112754634
-2859.67545521215
-2860.2813328983084
-2883.7274982100666
-2855.344344338505
-2899.8057740220484
-2879.320754530547
-2898.115713558301
-2889.888785834021
-2852.0260618339885
-2899.797057265892
-2880.29510415001
-2905.543476161254
-2837.722068796993
-2891.2364711956707
-2874.510560571246
-2864.611451312012
-2832.846177141948
-2860.936430919346
-2886.7346933442795
-2886.22982457829
-2855.943491845907
-2872.9925916375632
-2879.4843104526462
-2906.3775024118663
-2925.9809170709536
-2923.8226904889657
-2910.229089662344
-2911.753488202064
-2907.3455331800656
-2879.493604547053
-2861.0895563043964
-2871.318602952084
-2870.594759795079
-2901.7053663271427
-2860.930934103423
-2874.1608318406647
-2861.9979746684594
-2847.2085595701374
-2869.7224064507395
-2920.214918799121
-2908.729122700926
-2866.292002115958
-2895.866168779007
-2894.8875348597503
-2899.320628142077
-2903.785192120651
-2907.4466160692687
-2856.247125826631
-2866.010497110996
-2889.142259679896
-2928.6874556300304
-2888.0855369935034
-2876.9757635277906
-2898.0210397595697
-2934.8286057581468
-2882.3454030922358
-2891.9326575177793
-2953.0802040208846
-3871.0887141251055
-3826.3322841305385
-3786.8748633780824
-3802.323025903339
-3907.7407110451286
-3843.6656534198187
-3831.964133110406
-3848.4222485251244
-3808.6538787996765
-3928.8704261965177
-3900.9986077603494
-3801.6309059874093
-3919.771220432944
-3926.743508708208
-3890.7129440103427
-3841.615116347035
-3853.680211464914
-3817.9155578684977
-3886.8578062274005
-3827.5894125292702
-3854.8799929430943
-3829.8763470029303
-3854.829902120883
-3846.901263254729
-3903.4113070096582
-3880.5932459378478
-3849.786866445858
-3869.635294599727
-3882.953227630722
-3890.2714628995627
-3800.4973438556704
-3864.548552580208
-3818.071947936473
-3835.7017407185226
-3838.5354750210367
-3897.88892032111
-3935.8564555433345
-3929.4562707133537
-3862.4168856221468
-3876.1622643331852
-3842.8722547669327
-3793.290976212415
-3771.025081883313
-3809.4159148550552
-3841.603047373878
-3788.6105000640905
-3898.522383725133
-3905.0667678288264
-3862.44823502572
-3848.7531657479003
-3858.6891948301486
-3826.845962132007
-3903.9721277654103
-3942.3642559065397
-3832.678007035239
-3817.344878423667
-3780.9121415129935
-3784.219115367439
-3764.3768179997596
-3881.5712907606094
-3852.7476757296085
-3765.660087510123
-3850.0415694579888
-3792.968746994476
-3921.476134592732
-3902.187066794029
-3816.2848118518077
-3888.704728359827
-3858.8319307571046
-3773.1975963523437
-3922.393993711899
-3867.9265810693582
-3854.9943417548493
-3773.5941794463815
-3901.8731401456653
-3854.1498063473505
-3797.092164387754
-3834.8008059258373
-3886.912603037589
-3809.519720685232
-3798.992665392687
-3924.4452435781764
-3826.8136448334826
-3774.8009550593742
-3844.036838546829
-3937.2891222508956
-3781.246443892337
-3901.111559293522
-3854.7384257582803
-3871.7004085668495
-3839.863981073962
-3871.9964442336345
-3854.3353147931816
-3919.818263093673
-3932.6324457777187
-3795.2623337121354
-3859.7315825291444
-3842.5244612762563
-3814.7786501674977
-3812.4076112810803
-3896.8080434474587
-3885.526083932208
-3807.2926965370557
-3886.171877864581
-3836.496687223404
-3798.277307600741
-3905.865645505151
-3839.108783374947
-3785.515160093067
-3846.6995408825132
-3834.6526170584834
-3822.972824420497
-3927.04825173274
-3876.7613508237414
-3789.616202436165
-3872.0708143017164
-3842.2164544128937
-3965.0430600154577
-3831.460741826956
-3813.6757311485717
-3905.3540449682932
-3900.015452236724
-3809.5357486081507
-3906.4101536666462
-3862.1437184799183
-3873.493769535256
-3840.333733550885
-3905.0742958189007
-3915.1600905658293
-3833.9150741535364
-3848.8514520714884
-3855.452776375646
-3913.0739852268553
-3887.8259607820346
-3859.561847681154
-3803.445215364496
-3797.3035246962645
-3731.1215618076067
-3808.3967469055983
-3971.055562102005
-3862.0438652991616
-3880.8933315139066
-3821.6488505603174
-3910.0513316257006
-3865.110735648318
-3829.813083839873
-3927.9307081779607
-3896.8671097289102
-3900.2998730864006
-3832.8092453125164
-3812.1465626187414
-3794.685082401618
-3922.8557620444835
-3845.4446548819674
-3811.8972515134124
-3849.1146460977075
-3806.6425395973743
-3846.5968008931895
-3769.0937744501502
-3876.1708065621297
-3784.787925377138
-3878.191474489089
-3876.767001239528
-3859.8427958259917
-3814.5665814760555
-3863.699488951715
-3875.5022919901667
-3891.8860917216653
-3890.9979985998307
-3792.2185599076124
-3728.69217641642
-3758.084724476915
-3848.831806322693
-3829.195233835836
-3855.82892966966
-3868.8974111794014
-3814.8444697525374
-3900.1182507432136
-3904.4549114190736
-3832.8822604278325
-3846.81393395859
-3835.690406443437
-3870.2512913933824
-3871.551082320981
-3909.7902370712836
-3864.372109780417
-3879.8531898390775
-3957.325499732466
-3880.975575127194
-3837.5502582903314
-3865.8578492944075
-3838.398899631048
-3754.737325681244
-3791.600819482857
-3855.489407804406
-3831.7264200507243
-3813.1714635284266
-3784.4888094541225
-3844.7787214003647
-3763.3395542804287
-3582.5118482637236
-3623.112071401656
-3719.350618260336
-3594.9081946862507
-3896.6529109072635
-3451.4412903969173
-3578.756878708156
-3566.9167429998215
-3476.7518298073855
-3600.2228479650043
-3663.324542121165
-3945.7020328687145
-3559.0533217140037
-3532.417103493098
-3601.454825352959
-3626.3922675841927
-3559.746419517616
-3746.062107990346
-3910.1437561011485
-3618.184966240298
-3771.155218120808
-3534.325765594894
-3562.954468674133
-3926.146338339811
-3564.4538301294347
-3830.4350146299685
-3847.4563016065695
-3442.289032436596
-3495.391700820564
-3905.4892942457036
-3856.5438176821262
-3447.2353862583564
-3630.2157451189223
-3614.9003441653863
-3467.1902132042537
-3873.014567807531
-3630.218138870496
-3721.7433152674876
-3576.5479280246236
-3827.0614880553576
-3547.1646172671863
-3467.595882196207
-3791.068196935173
-3691.3610389458827
-3892.8852684118183
-3667.296007426676
-4062.3527303318447
-3813.1269312761588
-3941.3215188648214
-3648.0926538898457
-3712.0968932887445
-3532.4545204332044
-3925.1111933330185
-3949.7518919517674
-3644.9195064187998
-3701.7998134610702
-3699.3454072853274
-3657.249159831214
-3567.0142388586255
-3810.951209105014
-3653.1565025151217
-3537.1422408684753
-3726.096473028132
-3617.3017474339663
-3482.382977975
-3624.3639422845804
-3918.192039858755
-3653.1011880453775
-3656.745851331547
-3882.4425459476347
-3871.6705662665213
-3642.0407851782757
-3577.2879392169675
-3380.2330995167376
-3859.7780874434493
-3564.316683741504
-3826.794736098966
-3794.7361408243582
-3652.5612922082146
-3870.2943668732055
-3524.6347589394195
-3575.452652378608
-3780.3438058145352
-3594.3254900249703
-3652.915240590671
-3661.4278250212174
-3563.3220481480257
-3582.784692211782
-3622.2814090115776
-3774.1933105742205
-3562.8281326564893
-3898.940777712689
-3665.7394663332307
-3460.7244532803893
-3865.3274093915343
-3646.1018202049468
-3489.6761735805276
-3558.166372335555
-3939.2001932800194
-3426.4437550239472
-3640.930461531323
-3578.668709451533
-3805.541391858582
-3660.8691871005085
-3666.864839512706
-3666.4264878780364
-3543.376506118808
-3558.549729833578
-3611.8004493923227
-3833.8402886776753
-3900.528151115969
-3647.38849826566
-3575.910680435162
-3864.79629684739
-3554.62148472568
-3709.099348770419
-3563.7302942212546
-3485.762885930237
-3874.512761440722
-3586.7576928253957
-3547.3628023430797
-3460.3577266626025
-3901.979756410452
-3618.7685779269677
-3598.0389735557933
-3625.302445466814
-3576.0790847578824
-3590.1589142149887
-3600.741082643393
-3919.8165079876385
-3445.7036855602605
-3475.46108723466
-3881.686181132791
-3438.631473486905
-3604.3859603883357
-3937.4369635755993
-3835.609419143642
-3531.801798234854
-3621.9205279247494
-3590.068923943934
-3474.8547354666794
-3897.9657560417627
-3524.5353430112036
-3856.458864166908
-3953.021848447449
-3775.8725279995556
-3706.5065618220783
-3596.8301924693137
-3925.280557026831
-3711.0318976477884
-3525.600419909552
-3447.5961057248505
-3568.637318676377
-3624.359753826454
-3545.8288200840884
-3619.1299352297538
-3587.7474990758565
-3868.7248241071934
-3515.1088616296365
-3948.382039738806
-3572.7437900348154
-3592.747538379112
-3823.494366834632
-3521.428073535338
-3862.0305692952666
-3580.6905791140553
-3621.5108545218786
-3934.2242632136235
-3905.4304779369013
-3691.5125768460025
-3579.9225079690864
-3554.190707755312
-3894.2450223060123
-3588.079680044635
-3525.398246142354
-3877.725180602914
-3658.1060059728247
-3851.560333434092
-3494.120673465504
-3920.1461622372644
-3602.0592589932676
-3703.31732792344
-3610.500541427607
-3929.2599738540716
-3654.0999218144525
-3705.1559271711867
-3863.1771741023877
-3550.5510870529492
-3958.3565194245716
-3698.838919355971
-3595.1851554601385
-3956.0164344023137
-3844.6234065576245
-3596.0533169684268
-3630.133802132187
-3625.581673922267
-3410.847790176677
-3837.567898338777
-3673.8606552147694
-3682.8046871726124
-3258.024908050903
-3258.6911981795542
-3258.3637588070997
-3261.0589282949727
-3258.3887902522406
-3257.2308502130377
-3257.078803168417
-3259.1395129134485
-3256.907736034923
-3262.2607135564285
-3259.5464716161205
-3259.055689702149
-3259.6058790672687
-3259.205522117015
-3258.5388334457216
-3257.841942618832
-3258.990775653095
-3259.7659675498953
-3260.036433796842
-3259.103612675694
-3258.0484801636253
-3258.958781411969
-3259.570908743258
-3257.225294631267
-3257.932509662312
-3257.5754229384247
-3260.208011044088
-3257.529393379817
-3257.797889318252
-3257.9136304181575
-3259.0926462634698
-3257.958213805079
-3256.311459007811
-3258.8984438677994
-3256.10292468494
-3257.7129492764775
-3258.1042791298296
-3258.9768247953252
-3259.177606834837
-3258.624181746776
-3259.7345272819493
-3257.7663348342803
-3258.7845521733734
-3258.9789462278814
-3257.974213281719
-3257.0113093808864
-3258.435491707865
-3258.5756359886323
-3257.093886961812
-3256.4390987819256
-3256.606696018935
-3258.9857156568714
-3258.1252355204865
-3259.239791770159
-3257.7872464221937
-3260.411524050515
-3257.3845845476612
-3259.1090864748307
-3259.043648039362
-3258.5474138969694
-3258.2749555984415
-3256.9984931165686
-3259.0279782337916
-3258.5953709924443
-3260.6403764051697
-3260.223026631918
-3260.0010691298053
-3258.115335708614
-3258.447227432968
-3259.603886957064
-3257.9796051295675
-3258.1988291077937
-3256.7470836753528
-3257.8640950438826
-3256.80095660634
-3258.2706855782353
-3256.75329459063
-3260.4370185642174
-3257.6570842629358
-3260.9413256993726
-3256.8908923357512
-3256.66183140148
-3257.3583822266114
-3258.4371960586523
-3259.0892003987406
-3256.996341748285
-3259.193914307766
-3257.915879725865
-3255.9377051416527
-3257.6306578328645
-3258.2118215011305
-3257.7375705740196
-3257.005075069644
-3258.18004830481
-3260.181780991909
-3258.6569263893866
-3257.613488740741
-3257.719914991528
-3256.885582266752
-3257.3443047921414
-3257.5463826982223
-3257.601504775796
-3258.1100473360516
-3256.617859457063
-3258.731406861461
-3257.502150585491
-3255.4395518729157
-3256.677721642294
-3256.6044123862252
-3258.247193080361
-3256.7640675962416
-3258.8235259244348
-3258.3983803855162
-3258.3761587174135
-3259.674462470352
-3257.7250427297636
-3257.684387127743
-3258.9708068232853
-3257.482593289041
-3258.180657280027
-3257.641399795378
-3259.528076354016
-3258.1379268902115
-3258.8226743464097
-3257.4586058265695
-3257.7973738067944
-3260.4526337365082
-3259.206773565516
-3259.369317846235
-3257.703651613681
-3259.723491345777
-3256.6527886828276
-3258.743107149106
-3258.6161734843963
-3257.938089018437
-3259.7609086924363
-3257.6326109294623
-3258.225969889165
-3258.7754713751756
-3257.4001972575093
-3257.985293438643
-3258.2033992305355
-3256.9438271190766
-3256.9086366789015
-3258.5034275005637
-3256.038581806049
-3259.2335333258825
-3258.1998353162603
-3258.1077565396536
-3256.3820998708043
-3256.068722293115
-3257.7798433306075
-3255.6802788572268
-3256.315054727385
-3256.956323501451
-3256.5242798916915
-3259.1904579283982
-3258.5192939577423
-3256.5420977605395
-3255.5708271584763
-3255.995714348698
-3256.3011040670717
-3257.0456176994317
-3256.7617025991663
-3258.179297980881
-3256.5657329025566
-3257.1679569475696
-3260.581525463103
-3259.0412061794927
-3256.9886905518915
-3257.4738747145916
-3258.624361261538
-3258.1094445926933
-3259.5005424685637
-3259.716265581121
-3258.4104452396805
-3256.980236983481
-3258.525059690314
-3257.795260649414
-3258.5942686143753
-3258.6987897421072
-3256.130377060867
-3260.613428014616
-3257.212813192351
-3258.7135089278963
-3259.0234772695335
-3257.2130264442508
-3258.1076661545703
-3259.8293097019105
-3256.1922961163923
-3259.0885337914424
-3260.4255929257956
-3258.2005413411193
-3260.459340192587
-3258.179193222382
-3259.8178711566716
-3256.6921946363027
-3257.8498931197914
-3258.109038416116
-3258.4612058097114
-3258.541313355012
-3258.1805324659676
-3259.449514137082
-3258.8977721662536
-3257.699602861808
-3258.239834892952
-3258.0191292787495
-3260.1251905656495
-3258.109525722929
-3256.9643744345663
-3257.844470068847
-3257.9156744602383
-3258.281076674631
-3259.2471068638724
-3258.165389381906
-3258.213768547814
-3258.4719617765477
-3258.0718733282893
-3257.573362752938
-3257.497488662068
-3257.9759220402034
-3258.4423357959745
-3257.733862490752
-3257.1699844264003
-3259.3135514967657
-3258.9487099905004
-3257.267788268881
-3258.896526917363
-3257.421896036899
-3259.058405600911
-3258.5893629223215
-3259.1884046838477
-3258.1469412081524
-3258.8971208017165
-3258.1819316660353
-3258.2757034866218
-3258.446929452756
-3258.803871559288
-3258.2597576855096
-3260.467554900721
-3258.222498417578
-3257.420947346365
-3257.6416312836973
-3258.112223743874
-3258.4451124350967
-3258.0571176402996
-3257.5459470243914
-3258.800906663851
-3258.3557253066315
-3258.2979055998453
-3258.318142149357
-3259.8897931955166
-3258.521814092842
-3257.976455021521
-3258.7554831425464
-3257.813729777533
-3258.468707481032
-3257.6428188434693
-3259.175411230851
-3258.529531218831
-3257.7476267481316
-3260.180242092976
-3258.3723232840957
-3259.411682392409
-3259.3704212705347
-3257.9681401339053
-3257.6587026465436
-3257.566009992598
-3260.071569252878
-3258.762804996118
-3258.4550243760887
-3257.8812482693284
-3258.189146818675
-3257.828125065007
-3258.829245940648
-3258.3280207381003
-3257.137227026218
-3260.279916471689
-3258.081905447619
-3257.797746038508
-3259.2921930139487
-3257.8965236982945
-3258.3770506374726
-3257.9113895262926
-3257.4699151454965
-3257.504381106627
-3258.350155727728
-3256.777354777775
-3258.5223474709574
-3259.2814119163863
-3258.2923298042456
-3258.7304882478265
-3258.066766986985
-3257.591552318119
-3257.6779552670955
-3257.4906197936953
-3260.058856649579
-3259.8751147828752
-3259.8048542014626
-3258.5169324945773
-3257.8269218175233
-3257.394450937222
-3257.5045184180017
-3257.985957040609
-3257.285892630959
-3258.0627340749347
-3259.8494043375813
-3258.0313248860452
-3257.114404795007
-3258.4702803470022
-3256.619351055537
-3257.538968496762
-3257.57040850766
-3258.7409548492496
-3257.034101198653
-3258.018791276435
-3256.794592677156
-3257.884997326047
-3259.441115299058
-3257.613333387933
-3257.996504013122
-3259.3013843216295
-3258.03343369784
-3257.236412541324
-3257.4272010852164
-3257.056348268319
-3258.331509344044
-3258.822336721815
-3258.4555689000067
-3257.587797782048
-3257.8644329387494
-3259.8249909128517
-3258.3022537006973
-3257.997723925771
-3259.9514675255423
-3258.5241770764364
-3258.7831991764506
-3257.7340693480846
-3257.536131480549
-3259.1060086061657
-3258.126817661239
-3257.0098676222137
-3257.659818659503
-3258.736923028235
-3258.287618591366
-3257.950935496594
-3257.6160810534075
-3258.842742592607
-3258.1649362072408
-3260.576147487656
-3258.1808562184774
-3257.1804857208294
-3257.815971533466
-3260.36832533402
-3260.627108023406
-3258.0959990634196
-3257.4232775488563
-3257.5833944760775
-3260.433237901713
-3258.3153661381302
-3259.216122648316
-3257.8353899792373
-3257.6538488261003
-3258.49170502654
-3259.1145512175513
-3257.9252755403686
-3258.9479509239923
-3257.0442688066564
-3258.9919673535255
-3257.5635970508733
-3257.6556206940963
-3257.7064109300527
-3258.1280350006436
-3257.7093751952966
-3258.610176491641
-3259.6408369345836
-3257.907454611455
-3258.5530242735585
-3259.0358804223756
-3258.15664472716
-3258.113687660036
-3258.302711098632
-3257.8231956555906
-3259.511025588787
-3257.8284688131166
-3258.0403009840584
-3259.127077456246
-3258.222581348659
-3257.1816188131806
-3258.683723338696
-3258.413327272755
-3258.144609603016
-3259.226736953045
-3257.6268760702314
-3257.8704179714528
-3258.4170876860753
-3257.4583283476645
-3258.0053700931235
-3257.690502116939
-3257.340178688006
-3256.847416300065
-3256.9000077714654
-3256.593056933099
-3257.002565493268
-3256.557246362318
-3256.959299367026
-3256.6662647585777
-3256.945351014734
-3257.21837070407
-3256.415890351966
-3256.310978678477
-3255.915811860759
-3257.3063436801735
-3256.566162294077
-3259.1062385284927
-3256.3189227861762
-3256.8696274623658
-3257.5590241073583
-3255.81349436833
-3256.9779832534587
-3256.5690003979817
-3256.3153388885535
-3256.4664291077133
-3256.8142416696332
-3256.2330218662364
-3258.0043141496944
-3256.924068822611
-3257.592964094848
-3255.9743068945727
-3258.7987674694587
-3256.1659065878034
-3256.535775970909
-3256.813549822843
-3256.9912009945356
-3256.728102620948
-3257.090658967816
-3256.4781786283725
-3258.286736607306
-3256.744362080697
-3256.312205875079
-3256.7313176496386
-3256.4954615664224
-3256.336396494054
-3256.671785961672
-3257.232075185786
-3258.394501005879
-3257.292844314877
-3256.7006678573907
-3256.510882671152
-3257.631734252946
-3256.5768038092833
-3257.292094005589
-3256.8899625659947
-3258.784313348473
-3256.4280533274
-3256.75801574305
-3256.6871589373854
-3259.5056381272775
-3257.0842015306384
-3256.685126234395
-3257.2465885869265
-3257.1664555910415
-3258.6230796121945
-3257.4526487599333
-3257.1803127022863
-3257.293150696374
-3256.671397193545
-3256.2715462744604
-3256.8641404617756
-3257.372113944983
-3256.163386729561
-3256.4118027009354
-3256.0385985020594
-3256.5313746072597
-3257.2981124218345
-3257.2543582584153
-3256.281840192084
-3256.945738103107
-3256.9908198363764
-3258.307699524857
-3256.7806010486725
-3256.9375831836032
-3256.6409609107004
-3257.0003770142457
-3257.156162270459
-3258.868007542302
-3256.5182008228517
-3257.424829315705
-3256.5538693585017
-3257.1943462337344
-3257.3095359832328
-3258.365678343391
-3256.9060686708226
-3257.8839291453182
-3257.1237947324703
-3257.456501813207
-3258.991521964527
-3257.131774328305
-3257.787412111126
-3256.844497041041
-3256.9011068554896
-3256.9450117007677
-3257.3201064752493
-3257.619493580606
-3259.2774822001647
-3256.7419177690585
-3256.823209408795
-3258.8494860992014
-3256.855487445726
-3257.9040902217384
-3257.635704125836
-3256.961412798474
-3258.358349810924
-3257.5862265651485
-3256.3869731090995
-3257.3889192405004
-3257.227638714775
-3256.4576059927067
-3256.589681693231
-3256.434103969678
-3256.247972642061
-3257.155728064663
-3256.885054018208
-3257.0162610169295
-3256.466974572869
-3257.3218225360274
-3257.5885333936403
-3256.965998681209
-3256.540497428731
-3256.9973335703776
-3256.4093621027064
-3256.7237416900457
-3259.11194347802
-3256.7455311866906
-3256.8476744253753
-3257.3027091850768
-3256.2744940472853
-3256.6956932685066
-3256.3431063545377
-3258.8997072130273
-3256.371404585688
-3256.89616329439
-3256.2367829270806
-3257.280574861507
-3256.817789806982
-3256.73884433107
-3257.0845363205576
-3256.6249110418557
-3258.7881819921627
-3257.2007529146463
-3256.9569484982712
-3259.1951463596756
-3256.9134654664117
-3256.72901771657
-3258.835284908694
-3258.272016105364
-3256.1514522310767
-3256.533029399361
-3256.3550540026486
-3256.9750905156284
-3256.88628585037
-3256.41055030304
-3257.3797700678015
-3256.885897036792
-3257.194194359647
-3257.17202082391
-3256.915476723075
-3256.564398740396
-3256.77366028263
-3256.7749645330737
-3259.2551366179678
-3256.6484617678193
-3257.504302834739
-3256.6272072670918
-3259.1535247537427
-3256.906874855709
-3257.7622112106133
-3256.7664797015696
-3255.8266194175617
-3256.2064787877553
-3256.35687752601
-3256.6232936156543
-3256.6619732860136
-3258.5678137289933
-3256.6107212158727
-3256.93803634795
-3255.7943052477244
-3255.99916974866
-3256.7219374947213
-3257.749011151395
-3256.5945763171135
-3258.886733378932
-3256.6511287675494
-3257.275055986376
-3259.34667737206
-3257.8245613925237
-3258.008815318978
-3256.9774876366664
-3257.825876910126
-3256.529556175291
-3258.3255076343175
-3258.1915931019716
-3258.8034994761592
-3258.85658217312
-3258.247003950034
-3257.159692162588
-3257.4473483477423
-3258.401319491278
-3258.3842335060376
-3259.5280298442703
-3257.557522690042
-3258.212438260384
-3258.4560649851483
-3259.6493365937717
-3258.252202899735
-3257.3097492708685
-3258.1343665561644
-3258.2574634378584
-3257.7706966617116
-3260.4564691132173
-3259.5130504037575
-3257.2085526802152
-3257.6862819064554
-3257.3853203807307
-3258.256463918094
-3257.8281220596255
-3258.515581450452
-3257.9510784884087
-3257.824832574594
-3258.1876789550406
-3258.348195941713
-3258.0800379007683
-3258.5358537581465
-3257.814727653889
-3257.5721668237884
-3258.070015409624
-3257.6868344892187
-3257.313324895814
-3257.5206283830375
-3258.249250084416
-3258.580096071257
-3258.3766265854097
-3258.524177527051
-3258.6316448147813
-3258.1957117007228
-3257.4950286780654
-3257.1628140012945
-3258.2533475172027
-3257.2709465417797
-3257.897478979188
-3257.847272985346
-3257.6275211742663
-3258.3152666384944
-3258.4013267601304
-3258.727924705953
-3257.736355808779
-3258.1131349031143
-3260.476288567805
-3257.9431744652125
-3258.756275895977
-3257.4040697204823
-3258.2923436219576
-3257.912537568737
-3257.3518091249034
-3258.447474777778
-3258.897153974907
-3258.719566201608
-3258.588267019069
-3257.882000917881
-3257.053509526424
-3258.6442852962587
-3258.9705496033034
-3257.7058129604925
-3258.884613756769
-3258.0284541096435
-3258.3362291430954
-3257.779797941623
-3257.1343651465913
-3258.3887775444523
-3257.683535462793
-3258.3433358377783
-3258.3776626825156
-3258.363749153838
-3258.4612213832133
-3260.1134944740465
-3258.9231484157963
-3258.0425410484245
-3257.531441368579
-3257.918526416996
-3260.0936265087803
-3257.4108940869237
-3258.214849452332
-3260.350005033497
-3258.4933355284916
-3259.835041237367
-3258.5624455387556
-3257.978627646787
-3257.8446961339723
-3257.240076048595
-3258.7691022096033
-3258.192813782553
-3257.959635514692
-3257.6847464883754
-3257.731372598508
-3257.958583596447
-3258.242430894649
-3259.854505147151
-3258.4369754056042
-3257.996548241296
-3259.4025226342383
-3257.570350256946
-3258.9758892173677
-3259.49616801754
-3258.4637446270376
-3258.2976533964843
-3257.6000576619517
-3258.6829270865987
-3259.4184342096487
-3258.193359486739
-3258.0569732861463
-3258.0437818313894
-3258.1649861725377
-3258.42209676345
-3257.2425258395665
-3258.613991885551
-3258.247508656288
-3258.2770007108265
-3259.075090466966
-3258.4368508349753
-3260.1419381230485
-3258.6158384039763
-3259.13220009883
-3257.735982330095
-3258.108322498834
-3258.7812630183644
-3258.510388910853
-3257.784712465288
-3258.5237730252243
-3257.6573642472026
-3258.327765009659
-3258.1744386421187
-3258.554170359043
-3258.0581022246056
-3257.7302827476933
-3257.7102562278837
-3258.454088161705
-3257.732572611386
-3258.958759029616
-3258.5823656771554
-3258.5549699186004
-3257.724566861295
-3257.931912417163
-3258.3665742965604
-3258.343021395593
-3257.867274548869
-3258.7941439492124
-3258.558831110241
-3257.846812785753
-3257.8798650720614
-3259.502304528986
-3258.640255233926
-3258.599691421057
-3257.6815782835033
-3258.0687154864822
-3257.7990574161972
-3257.941302449991
-3258.0701499787015
-3258.8971370375452
-3258.5269221554154
-3258.004550834791
-3258.5143264518215
-3257.6268877059783
-3259.0440937443022
-3258.267990285231
-3258.7466341629993
-3258.2050745418896
-3257.942122643379
-3258.4739151774716
-3257.7921677518793
-3259.320973117934
-3258.258601123346
-3258.0930744746006
-3257.8252483295605
-3257.5771685853842
-3258.097627007125
-3257.5955755396144
-3257.4470763187965
-3258.874655801821
-3258.4327700605218
-3258.0115402414754
-3258.4384625427447
-3258.3625519245275
-3257.917222094431
-3258.828167579687
-3258.7069004774035
-3257.169550287688
-3257.8597739225524
-3257.646152501934
-3259.529965844203
-3259.955987552166
-3305.707486210921
-3351.4461891662145
-3309.180341142962
-3303.5133725492637
-3330.511981766101
-3296.814960333319
-3309.5823311319623
-3309.807313183961
-3303.1712561171316
-3309.5213368094064
-3297.8381456710053
-3323.871183055607
-3308.878538044365
-3316.4779122393684
-3301.6041103705497
-3308.5171492179325
-3290.2096767104904
-3290.3152140208176
-3303.7221437130515
-3302.0318507189395
-3304.781352297955
-3291.914646954758
-3311.3505763052663
-3316.420864598506
-3291.3240102028176
-3322.064609068742
-3316.626641383867
-3289.3382723130817
-3322.9746564074094
-3330.440612462733
-3297.778938334858
-3310.164863206534
-3335.910871441501
-3288.729999051282
-3289.5922317681843
-3316.515616556348
-3329.273453247782
-3289.746255467719
-3323.7337272948625
-3310.539027208895
-3306.077306200532
-3302.8033164531334
-3303.0080153305753
-3309.1914838342077
-3290.2906062803654
-3322.3091087462144
-3322.9305998992827
-3301.897864463501
-3310.6181328868433
-3295.9496848006543
-3318.294217406949
-3285.0902962821424
-3331.03554134926
-3315.2539834257245
-3316.2270299563975
-3304.3784668546637
-3322.1502136969575
-3283.9712597662606
-3302.5480743304743
-3289.8042779833927
-3290.8662847489836
-3296.6826227168617
-3316.2076539374443
-3316.5514875624935
-3303.1624729760015
-3297.1044904765536
-3290.172963119377
-3303.5592729770456
-3296.920740520834
-3290.62657063409
-3290.332758844658
-3298.576663478503
-3297.1984378093775
-3290.2882750349836
-3308.2591525668763
-3304.9835314767365
-3309.3262924715423
-3289.1375997169607
-3278.6086061424567
-3303.5967707854556
-3282.7760921768618
-3304.2350202274324
-3303.522022858357
-3316.6217635935814
-3283.406732008194
-3310.0565003783217
-3310.579729183133
-3308.758366701268
-3318.224771571359
-3297.2577284362787
-3290.8900071797234
-3297.71101533192
-3303.473459352856
-3296.9286219736
-3309.042673058132
-3303.280379249069
-3290.8451404110288
-3303.7585163062863
-3309.8007777391417
-3292.013983381775
-3322.9586941069556
-3290.335364393806
-3284.013755854033
-3317.357434075547
-3315.557650977635
-3302.8435526221365
-3303.324858367726
-3302.2988517520607
-3297.992422318305
-3283.7611119959356
-3309.1291938248823
-3293.4150682378677
-3303.5797988388035
-3283.8188118400894
-3318.343714660909
-3302.4522762169754
-3309.1020486755006
-3305.107604054157
-3290.595647453151
-3295.463713163715
-3289.9242643383263
-3291.4639622990285
-3295.8801418641033
-3304.4263225665813
-3303.323564320766
-3329.8711998660665
-3321.6269065079373
-3323.0145961635008
-3302.69022753535
-3297.3926737515335
-3296.2786771446717
-3290.0840371778236
-3304.544229025198
-3296.266934109931
-3296.737905502761
-3290.7565516394743
-3277.9744486110803
-3297.3755759230844
-3305.082140317596
-3295.8460145743934
-3323.0718536521067
-3304.206672364151
-3285.4344089341907
-3310.910537560409
-3303.6508556455738
-3289.2284420360934
-3322.8662175857708
-3290.5510909001387
-3309.9264220798877
-3291.2702071688645
-3329.978570845765
-3296.582561803859
-3301.5605273979395
-3309.6166581120087
-3283.2534022657783
-3290.348364247505
-3303.5314682273115
-3322.7466356418486
-3303.759574273606
-3316.407193003916
-3303.605161645471
-3317.61386204405
-3315.4886944009236
-3321.7106843114348
-3308.9761879878874
-3303.889320774721
-3290.464779652644
-3311.29079855631
-3323.229065274188
-3329.876172036048
-3303.8214329173716
-3283.155996628734
-3295.6508366199805
-3295.2567088353994
-3308.6063897618337
-3303.043968546553
-3296.1753721188975
-3302.4848880902205
-3291.3821975821024
-3296.523379600819
-3303.2428372719605
-3295.610215219755
-3322.097811198169
-3309.081415759373
-3323.120084086052
-3284.2758430728495
-3290.8717932145837
-3280.044348508095
-3316.1404607587506
-3329.905136672019
-3295.8945735274697
-3303.9310392729635
-3285.1437059820473
-3299.2678972460494
-3328.1401011120465
-3289.3827271594755
-3273.6763576670664
-3296.8613864593876
-3289.3164081018217
-3309.097003610566
-3308.230510900947
-3406.2118410409994
-3574.524418052986
-3289.0341357194416
-3436.233447823431
-3224.111393513001
-4753.338271038526
-3410.4308477119816
-3777.2711276674277
-3460.6200778936854
-3444.6114224076728
-4493.264961242237
-3317.8158313921167
-4268.477340525479
-3733.1400010589005
-3241.870604944474
-3427.4486091819354
-3494.214769378946
-4023.870602597535
-3656.985126648248
-3387.2342444738524
-3931.3571341903626
-3464.1727915074707
-3475.461485934152
-3500.2580973827394
-3379.275387870017
-4112.708832779489
-3276.7360163937497
-3271.202860539277
-3315.2275193210444
-3548.88127948537
-3376.7049131952285
-4358.932631249137
-3639.110020491253
-3414.3899187216202
-3357.2111649166177
-4540.417557124492
-3494.1694255460534
-3619.332080437401
-4222.461623808839
-3832.428990259966
-4512.013735877852
-3337.833667781875
-3652.1387826293026
-3757.151430433769
-3519.35066417758
-3534.3992319533913
-3302.450343680218
-4027.944959940202
-3417.5473836980423
-4098.408152503036
-3539.0887061299823
-4422.634343209882
-3898.9591001776685
-3391.315290503641
-3909.998348654004
-4306.445402279491
-4529.1848186473335
-4404.495090580676
-3318.664042705402
-3554.82476424708
-3853.0401649123987
-3327.597948982974
-3847.7028649233575
-3803.9842988837013
-3804.664980379296
-4491.19118401535
-3269.536672786717
-3343.419602955846
-3376.7028405797114
-3252.844038757361
-3380.5460110792505
-3898.761794021813
-3885.8096791364187
-3494.742867949094
-4398.408417638607
-3765.9857017283907
-3361.6976592720684
-4469.491179163245
-3455.9178650080485
-3407.6231671509995
-3784.4978193892234
-3364.5259744271234
-3366.670032187904
-3375.7643970600175
-4143.899007963411
-3471.3639749765102
-3591.125035039036
-3215.829362108311
-3407.0367154677833
-3547.6031755935965
-3440.5460090421193
-3297.5320238820577
-3461.1221694868955
-3329.6101073627433
-3992.4787699423464
-3536.0842555974236
-3441.792021082576
-3433.684968900425
-4560.168177235702
-3474.4374271601805
-3260.10178943129
-3544.7105867562127
-3634.9105640861167
-3665.9885786391824
-3984.0105225294346
-3423.1420544055313
-3263.0257296348204
-4159.647407818823
-3290.226921480814
-3508.940973907326
-3213.1500134877065
-3557.2273025864274
-3290.022166063938
-3555.3841666329113
-4207.3992998861195
-3228.54684561448
-3735.0981289868123
-4006.073993691122
-3564.674597220237
-3389.7459039266464
-3898.1748911376176
-3940.64329882531
-3231.659850851488
-4538.465245595462
-3535.9460593400163
-4089.80663928334
-3298.9142598091553
-4604.97063770152
-3444.427124598363
-3657.3894979909987
-3411.701548251955
-3428.147985855884
-3258.56886866636
-3499.201367917179
-4385.335608255475
-4047.4957447011448
-3322.3645221532533
-3794.4350287200805
-4347.780178239394
-3624.80784598501
-3418.4622481242222
-3457.1648371068463
-3889.8831554331264
-3388.885623031969
-4119.146545657813
-3505.541916647378
-3812.3864747253706
-3530.6624033210674
-3980.49976549747
-3449.968612591815
-3314.712748754066
-3656.3921594535777
-3917.899536697417
-4137.711622871162
-3924.2480884312085
-3478.5784659204714
-3581.532851223606
-3402.717423293257
-3436.5342790673167
-3492.8142563904757
-3722.683632142463
-3256.232729812603
-4365.3525223084025
-3588.4842883774572
-4349.298830069067
-3220.138613369024
-3427.867369416114
-4725.089269530516
-3496.1129217674857
-3433.4091258277736
-4093.8533750890106
-3362.0674125343535
-4167.014901686404
-3306.1426858855143
-3820.2347102878375
-3591.5217658440556
-3292.187874380146
-4685.5028835809335
-3175.525745514428
-3970.9465638893475
-3460.8970686521952
-3363.649206062876
-3983.3732935298267
-3391.9553277607565
-3220.5628483956084
-4046.495026619049
-3178.9478042877236
-3867.652219388643
-3446.8928605506694
-3415.5222098365034
-3393.371280001778
-3613.190394380102
-3716.379019705052
-4153.411581917446
-3868.6917520014836
-3513.150253292872
-3556.757844083124
-3993.3780604948943
-4210.950627935175
-3741.504404828049
-3565.2466848957383
-3660.6395992888197
-3757.472650599952
-3752.1524535359335
-3584.810922824706
-3718.205606870007
-3734.181173803799
-3637.7308294376053
-3392.2636180901854
-3826.4246958377366
-3669.755117817102
-3641.0769635488277
-3734.960753543563
-3460.365234061144
-3781.0177067789978
-3665.684196021064
-3669.7244292095484
-3692.7169600780453
-3565.8024012507826
-3611.078107456267
-3665.1828535738714
-3594.2942866166622
-3740.666543336584
-3640.56497641895
-3586.0923477055717
-3829.3935835317734
-3503.6497743552954
-3680.836042374193
-3779.855438222712
-3619.406069066948
-3550.6960751437014
-3733.9454325122797
-3873.9470734987294
-3554.5038617054297
-3617.9664620449507
-3657.4222675134533
-3528.1121057493247
-3635.6176097291946
-3625.2595284128724
-3549.278421161626
-3503.3784445721853
-3668.9280042034666
-3649.6214418284408
-3505.4804550812637
-3788.8339091886746
-3619.8885208943357
-3625.6786263454837
-3646.251561668181
-3697.390137277101
-3547.6828165171573
-3661.740685051715
-3782.268852518041
-3533.663444044567
-3847.0077716111423
-3578.459559642845
-3648.039212622563
-3469.5806446667516
-3707.029728271249
-3426.6426381050314
-3854.7107195078224
-3531.7151899531445
-3629.583281167017
-3547.797852436313
-3737.757320725767
-3765.6694872983094
-3570.2061814463464
-3743.052894755705
-3458.114938204969
-3810.6855735080703
-3645.9030697815806
-3685.449999660866
-3635.916257234651
-3830.443925454328
-3753.39203149389
-3662.0052180261846
-3690.7687007677105
-3720.6659919667445
-3611.555081625592
-3754.8931999510482
-3558.596192073356
-3741.064365050744
-3668.4784025598883
-3808.999775895027
-3670.568956133621
-3483.4958871514873
-3766.3630175974854
-3553.674235545255
-3775.3304605290473
-3682.86435095625
-3738.467761387191
-3637.7424628720355
-3548.817023541463
-3619.7488684695
-3591.2999288796577
-3807.787002099957
-3517.7850065467896
-3896.343829678395
-3717.5902401595586
-3587.786079650263
-3627.4883403105555
-3779.9261329826645
-3584.7617876081604
-3502.4792916082774
-3910.223629120999
-3475.0954053894793
-3753.8596159012586
-3747.246305915786
-3603.4726168556062
-3812.132416156557
-3455.256001473921
-3647.637601275461
-3664.3875433951534
-3778.559781410866
-3815.2095335260747
-3765.6443788297174
-3750.3768596016735
-3440.180137472686
-3615.484413829323
-3567.926125248033
-3716.470525648993
-3751.587480721917
-3602.1289323703463
-3686.7439833386643
-3703.4668150416433
-3700.0857802983724
-3999.663632499743
-3952.442073313094
-3649.831320615591
-3802.6346070045606
-3560.558674510035
-3526.1448838770716
-3735.5902053334535
-3433.514701776916
-3714.9473116350673
-3674.142138162951
-3690.833136244807
-3856.545805180093
-3886.0027095392543
-3716.358355488549
-3584.67155628979
-3636.3113137707564
-3648.022767363489
-3883.8265500350053
-3579.147336045909
-4104.530193305997
-3705.4581628515625
-3442.3041327949295
-3692.557299210129
-3556.450160233164
-3923.3856497240936
-3777.893380941888
-3768.088965746435
-3876.9399766437527
-3762.1097712730534
-3583.722716820243
-3724.7528934264665
-3605.4365128662803
-3496.236393074601
-3890.3386499215035
-3556.94339294522
-3573.533241625197
-3803.2261051865316
-3582.8107792237947
-3537.276899592946
-3735.843321680365
-3728.9869458890016
-3699.0524789448036
-3817.6980185114894
-3564.0745918304674
-3666.2792251796736
-3641.2484352408137
-3882.8065855987197
-3854.237222796265
-3870.022706608691
-3893.131040149754
-3532.103861598608
-3518.6986164577615
-3736.3738338202174
-3665.460862027222
-3748.7334888096184
-3737.8458621160107
-3625.998552012444
-3616.2318762785703
-3831.5120974319284
-3488.429284889449
-3656.7973603946057
-3701.8240179310437
-3532.129376496723
-3699.49749318514
-3903.41339343938
-4023.526095403918
-3692.171412486342
-3717.0054961125215
-3509.015811426757
-3627.7909172309523
-3740.319449517402
-3502.1810205504444
-3748.4573281775956
-3674.399702165851
-3193.2438914445106
-3196.7537134587037
-3176.6112257219156
-3184.853677028014
-3177.8493636689645
-3193.5801594062086
-3164.690868592638
-3183.313878054336
-3182.131605709087
-3159.617989994569
-3184.9027490579074
-3179.0589709222786
-3198.0052651971296
-3164.511123305493
-3185.6650803590533
-3179.4335835874313
-3165.7436905753243
-3163.772362312129
-3208.9939274725657
-3150.0194882985406
-3174.8678802567883
-3170.3170295822565
-3197.684658653109
-3186.145924751738
-3180.1793152096634
-3183.1193652962256
-3168.468268597302
-3183.5520001155137
-3168.8705037898517
-3164.718569725379
-3170.4479955121956
-3176.699462973704
-3177.0230281359063
-3175.6778869780183
-3188.5496427811913
-3206.1456907754186
-3169.162797925363
-3180.355727769095
-3185.726793816653
-3179.2915153193926
-3175.5129932926693
-3177.1482474277955
-3198.3590084979987
-3202.297555441038
-3207.152852059198
-3189.3381546443525
-3164.5473068982537
-3175.2630768317426
-3169.9061161024865
-3191.8598835514167
-3209.516598708755
-3185.833581991377
-3202.325683559778
-3208.918017737114
-3185.736561481444
-3175.723771503642
-3207.585909019722
-3160.3946788468206
-3180.2108162409368
-3179.082607385623
-3156.4326057913363
-3168.867167425015
-3202.0899052876025
-3167.833218498339
-3187.3397862588995
-3200.6029658832954
-3200.9339450901803
-3197.800332318148
-3173.346120747599
-3183.293458254553
-3174.5838744741754
-3165.537664099961
-3160.0413403559887
-3172.2741252820897
-3180.253551574613
-3177.7733167356682
-3183.5755641135925
-3183.9048855114584
-3238.2919843126497
-3168.3238231614273
-3160.2151592995165
-3177.9576309285703
-3155.2134180446233
-3170.9960221804313
-3181.2675521796796
-3154.600733462387
-3174.7105063067497
-3184.7144137994514
-3182.069081449095
-3179.1907079358416
-3206.4478293616044
-3191.2316131034536
-3183.8276868769967
-3167.242842312832
-3167.0698652397564
-3178.2686982985033
-3180.7714493675085
-3181.5294082459964
-3203.0325692908777
-3200.352090956172
-3191.8251543514107
-3189.8129869997906
-3211.2233373120953
-3219.072543946239
-3189.0062115196797
-3214.9037604042437
-3165.331837315775
-3169.6510887598947
-3178.2535519373437
-3167.821082297158
-3195.2800314910382
-3194.708552197615
-3204.854540941482
-3193.3077518011323
-3169.1503968441593
-3200.8257579383567
-3186.1927029856033
-3168.780557140978
-3180.3523802814675
-3182.263592888304
-3169.624651330648
-3177.101614328702
-3180.5806809792825
-3194.7128904264614
-3167.1908112199717
-3180.5837378255223
-3184.2117277596826
-3170.3395979879992
-3185.303491673904
-3170.6129556858323
-3158.921569430041
-3198.113026442306
-3181.7894366965097
-3189.4550089677978
-3170.621419836365
-3196.3656352162343
-3174.1741862628032
-3177.911414732783
-3191.303128704276
-3193.434385055134
-3192.355281469563
-3185.5773052310524
-3186.807335827436
-3179.1107963410604
-3201.4738635609992
-3165.7786580837546
-3171.6923877449203
-3180.774109624395
-3181.958802072832
-3183.0466690863595
-3164.695903707699
-3226.238239424357
-3199.84161367023
-3185.221285521486
-3171.4336259726497
-3180.017185788135
-3180.529196705077
-3172.194263890512
-3174.4465153728975
-3187.5615659405526
-3176.7210977811046
-3182.5718786060393
-3185.462900838482
-3206.929048886043
-3162.9998027389206
-3190.5556098215347
-3200.2095531123787
-3181.0100396213156
-3168.3446359766253
-3169.5883744799908
-3178.7527657266987
-3206.3100253841885
-3164.338591754118
-3183.5181909559
-3170.6253532495602
-3186.8032963589353
-3169.7197061593815
-3165.3922532843426
-3189.2052214069004
-3166.5525499585656
-3163.254499652619
-3227.233730752301
-3206.0687903932767
-3169.8787476212465
-3165.2935641445256
-3170.173055764323
-3174.6571400078633
-3175.846798271455
-3180.058263870729
-3167.156012325058
-3176.900352319674
-3166.4258153807937
-3185.7436931105062
-3155.0673370658683
-3197.544451796116
-3235.685417330495
-3283.1728952747067
-3243.9381993937986
-3266.271166640253
-3241.549176583119
-3749.507165405136
-3667.88994982144
-3584.018301693595
-3581.2167974669755
-3810.758027462196
-3716.972175348821
-3710.6375379034334
-3775.4572467449134
-3745.1216206366453
-3651.0858370829956
-3691.350960247907
-3774.878249223613
-3795.9232098006114
-3745.73071767413
-3718.178251375585
-3631.1331749304927
-3678.957549333841
-3685.6416089096037
-3656.47929895495
-3524.2953216285687
-3653.505965986948
-3559.8896550922136
-3794.212451765566
-3684.2814033607146
-3630.115203787029
-3584.8269347707883
-3687.902079133264
-3598.894860189379
-3691.041117972756
-3740.9474634717926
-3565.569601131285
-3680.6110123747676
-3562.0768931267353
-3708.4743702250366
-3572.358753727865
-3609.27545812438
-3747.0311484096933
-3796.0741825244613
-3754.116422107456
-3597.6659230794457
-3738.675076606269
-3524.992177070346
-3588.0858742110727
-3660.23436625411
-3710.259315331551
-3601.1369959049503
-3708.8983174800833
-3641.092546362053
-3687.340606558472
-3798.3749841584518
-3569.5550232501487
-3575.6641316727846
-3652.7036729331458
-3706.726921842723
-3689.910387126429
-3638.954754381727
-3649.0000575718364
-3652.0217350353264
-3591.834425857136
-3724.0120511316272
-3714.518666052149
-3707.980658463255
-3686.69945477416
-3625.206345736132
-3642.916459172251
-3708.7053968366713
-3658.555560416012
-3735.799117516484
-3628.9865602654913
-3682.28910570064
-3675.5329052051584
-3697.9193791679236
-3690.3408052430036
-3581.776886552275
-3748.182243763465
-3743.9899669141605
-3628.687385186574
-3751.487505493731
-3811.0112308366047
-3740.4542175550528
-3561.922763134997
-3741.0272441270504
-3641.5672936660594
-3559.556006541131
-3608.862796782626
-3712.8365999160205
-3559.6224080359784
-3640.5813090218617
-3577.8332932512085
-3655.459984378679
-3721.9995792608097
-3697.773474380718
-3626.659069422588
-3764.115248048081
-3717.888311443129
-3615.473063607729
-3862.547237061919
-3706.0779874128248
-3627.4241944500964
-3625.4731253434707
-3721.988454772842
-3758.3389409610036
-3551.87720296566
-3584.1277439599235
-3665.2375590799293
-3648.8874565335855
-3720.984348715608
-3637.1690688908034
-3586.3404136144495
-3640.0403347683773
-3616.5007255950627
-3795.468670889024
-3634.0088927625725
-3693.214900657071
-3607.6288881035803
-3786.025308752674
-3652.667530817948
-3665.007638936878
-3593.7569184845884
-3692.4369277852747
-3602.357501652441
-3727.111659248966
-3768.1500056118957
-3684.6682113340867
-3548.9804367882257
-3678.5406927702265
-3545.4370086550807
-3563.2500903081304
-3714.4808328842214
-3622.9371514626737
-3717.6968538685906
-3682.346643964609
-3710.524003735872
-3814.4222676509276
-3636.439018492933
-3563.995121494944
-3601.2543268396666
-3527.643998097711
-3564.355260215057
-3721.8625119373996
-3693.2318028181217
-3753.102742452688
-3631.7338064826604
-3722.8389689105425
-3733.153358754324
-3617.389146125679
-3673.687073749103
-3739.795701591964
-3599.528338382489
-3572.291451053879
-3600.781583350629
-3645.747929346448
-3633.8551418050374
-3660.805137495667
-3644.63676576837
-3642.836599073322
-3633.084237727512
-3632.2559934795954
-3534.241708346289
-3661.8042408406577
-3689.6764102088723
-3644.1102855344607
-3762.77272697058
-3775.580824180101
-3660.030182923107
-3733.2635634437115
-3596.5586190440154
-3677.2929766338643
-3667.447115189189
-3602.4813492293906
-3648.1242833924994
-3534.292384123548
-3609.674850574906
-3620.37719619295
-3649.2641870481884
-3688.9744092245255
-3736.096409442177
-3758.9226040128237
-3771.681879711099
-3709.8829963277694
-3579.78614288768
-3665.4372426996497
-3673.396222660681
-3721.6976530336115
-3736.693147318551
-3598.0867715867857
-3625.383047400661
-3845.925845994425
-3589.2591864602455
-3692.8271517649837
-3689.7990114190043
-3740.7088179434404
-3639.31432432509
-3661.7050029382367
-3644.366498778013
-3608.931953224796
-3624.099628021729
-3625.723406659835
-3652.4749586511566
-3656.4314851979343
-3223.107673429186
-3273.2730302590776
-3238.184578469597
-3202.7188863133993
-3285.9785023914105
-3198.375477967088
-3213.3034276476433
-3207.7073696123452
-3215.02140488782
-3170.270888241836
-3218.4621789102425
-3320.9294617139462
-3223.8857341734897
-3233.9218212033297
-3201.6898942261646
-3205.4454790685654
-3182.190479142764
-3218.8274700057163
-3280.8756819413984
-3204.1295281614302
-3236.3051799672276
-3199.083216346979
-3192.0870485738874
-3251.218720628033
-3190.2546083707766
-3226.4079902436993
-3210.0036807324145
-3211.202384169311
-3227.8746798107754
-3294.8642125014994
-3180.566595493609
-3217.6956967066103
-3251.997757568454
-3193.2951744616907
-3203.7920625704587
-3240.9571568480465
-3227.5762428709922
-3200.9153861380532
-3254.9263578582445
-3210.381479116104
-3212.183266022294
-3201.8389336516125
-3246.8080372093855
-3242.4643041303107
-3203.43051030979
-3209.140988892153
-3252.35910646904
-3200.644450156791
-3307.1274432120877
-3158.400202031288
-3207.691282150285
-3201.7445380064505
-3289.223912803617
-3242.735412459342
-3217.1737726510487
-3233.538516107759
-3204.8193375938613
-3200.7219291542365
-3195.203665198126
-3189.4284795361573
-3204.3119670652495
-3225.6859159950864
-3226.0150389124565
-3220.306469603511
-3218.612617796982
-3202.6648442025917
-3191.4128367647354
-3216.0875728832907
-3200.9383239013287
-3194.5705874489445
-3259.3554035035577
-3204.2203316554787
-3219.6101164011966
-3198.0632777437413
-3214.06553561812
-3230.4580236949555
-3235.4022380327465
-3201.0823062597883
-3167.656100214415
-3192.936545230347
-3163.463645675823
-3164.986916563124
-3235.1818554391143
-3219.04581101347
-3185.0623546652623
-3236.8355632101993
-3224.4541045511605
-3192.37784174103
-3235.164556335474
-3204.4787533779645
-3224.1446957237677
-3278.9176032903074
-3226.5853592676763
-3214.848668991647
-3214.635388168991
-3239.026640898469
-3196.69022787132
-3218.599792586426
-3214.48775219313
-3204.31132568248
-3246.0410452962287
-3212.8164200684846
-3188.3868406128786
-3246.0524589004362
-3218.476890860791
-3225.726874833325
-3224.0116341594858
-3184.2045378674134
-3222.30540460515
-3258.5493253207615
-3203.7156010311023
-3209.200774277737
-3239.3233770247402
-3256.1281028569574
-3247.8050321709875
-3241.3666636505495
-3242.491587954125
-3217.0420828103142
-3200.401227035288
-3203.047807470515
-3182.4964301177397
-3196.236146996142
-3213.862295664797
-3185.6319070898553
-3211.365323143681
-3240.932555622453
-3212.7843515545032
-3254.205239711901
-3197.013558621197
-3279.5555272405327
-3198.8530211308994
-3167.4207610779067
-3190.2497765965963
-3203.1457704218165
-3177.354693845734
-3202.977004528916
-3246.7752842149357
-3196.679827331109
-3228.6005117209343
-3166.4967928787173
-3227.3213558244315
-3260.4645530987987
-3200.4738057901427
-3264.0536225040696
-3199.5056432022225
-3197.3719664015202
-3249.3612496177707
-3189.406385755818
-3299.1116519027682
-3217.158952067105
-3241.035549753759
-3216.063870571526
-3181.3176059284133
-3206.2916009845467
-3162.372551774705
-3233.2966245212424
-3231.0419418579568
-3238.6199226134545
-3198.683821599638
-3236.166335591439
-3238.837370285773
-3216.7566009675893
-3210.8414198476967
-3229.6592544455216
-3219.634026795537
-3230.563721848462
-3192.339693837517
-3310.103733010823
-3248.6500515524053
-3223.62336915079
-3229.864329850902
-3205.149158504851
-3190.545877264203
-3200.575398905773
-3218.1223625581124
-3213.4575861805292
-3193.4948587306176
-3191.1554219751297
-3197.441181206224
-3191.9243157793603
-3204.5176344631805
-3223.528636883804
-3244.0405970229117
-3229.6032526996205
-3241.3136455569315
-3210.6642379195623
-3216.246641492827
-3201.048958967479
-3298.4379302873203
-3253.084718687922
-3202.5710753813255
-3282.3959521777088
-3184.8292196892316
-3196.3907417362307
-3248.9577040396216
-3170.6804213482496
-3197.412908953231
-3267.5038355684337
-3169.453448826038
-3187.023840187711
